
Results without any benchmark
Run 1:
ubuntu@client-measure-krjf:~/memcache-perf$ ./mcperf -s 100.96.2.3 -a 10.156.0.10 --noload -T 16 -C 4 -D 4 -Q 1000 -c 4 -w 2 -t 5 --scan 5000:80000:5000
#type       avg     std     min      p5     p10     p50     p67     p75     p80     p85     p90     p95     p99    p999   p9999     QPS   target
read      432.0   540.3   173.5   270.0   296.1   393.7   430.4   451.9   466.5   486.9   511.0   559.4   795.2  8846.0 19752.7   4936.6     5000
read      493.2   656.7   173.5   253.5   282.5   455.3   518.1   548.9   572.6   597.8   633.2   693.1  1037.3  7836.2 30114.8  10002.0    10000
read      500.7   363.5   173.5   245.1   274.7   476.6   559.6   599.4   628.0   661.8   705.7   790.0  1083.3  4162.8 15670.8  14984.0    15000
read      515.5   487.7   173.5   237.5   263.9   477.1   571.1   618.6   652.0   691.5   746.0   836.0  1125.6  7154.0 18973.4  20024.0    20000
read      536.0   318.4   160.7   244.8   277.2   510.5   594.8   643.1   680.7   728.6   795.8   915.5  1178.4  3391.4 10828.6  24982.6    25000
read      527.9   447.8   160.7   234.7   261.4   498.6   591.5   642.1   680.9   728.2   789.3   888.5  1161.5  4668.0 15063.6  30030.6    30000
read      530.2   461.2   160.7   237.5   262.8   493.7   594.4   649.8   689.3   738.0   798.7   903.9  1194.0  4590.6 18874.3  34881.4    35000
read      515.0   372.3   160.7   233.7   257.5   482.5   584.1   639.1   679.6   728.7   792.2   892.8  1156.9  3708.1 10758.2  39840.4    40000
read      513.3   399.6   160.7   233.7   257.5   474.1   576.3   631.9   674.1   725.4   792.6   903.9  1185.7  3318.6 14824.4  44862.4    45000
read      514.8   404.3   160.7   233.3   258.1   475.7   577.1   631.7   673.2   724.5   790.6   897.6  1151.6  3991.5 16501.0  49872.4    50000
read      519.9   327.1   160.7   240.0   266.0   485.6   582.9   636.2   677.8   728.9   794.9   903.8  1174.8  2744.2 13069.2  55031.8    55000
read      505.2   351.3   160.7   238.9   264.7   467.2   564.3   619.6   659.7   708.6   774.8   876.0  1122.4  2217.1 14126.8  59770.0    60000
read      526.9   304.9   160.7   247.9   279.0   488.6   583.6   639.1   682.8   737.4   808.3   923.6  1186.9  1868.1 11625.1  65049.6    65000
read      583.0   369.1   160.7   261.4   300.8   533.1   631.2   691.5   742.5   810.1   917.4  1096.4  1384.2  2197.4 13263.2  69930.2    70000
read      912.6   508.4   173.5   549.1   594.7   781.1   909.6  1137.9  1249.5  1336.9  1422.2  1523.4  1716.0  5058.0 17506.3  71107.0    75000
read      945.6   489.4   173.5   556.3   609.4   817.2   961.3  1161.0  1286.7  1380.2  1470.2  1587.3  1842.0  3839.9 17833.8  69390.6    80000
Warning! Detected max cpu usage > 95%
CPU Usage Stats (avg/min/max): 75.88%,2.02%,100.00%

Run 2:
ubuntu@client-measure-krjf:~/memcache-perf$ ./mcperf -s 100.96.2.3 -a 10.156.0.10 --noload -T 16 -C 4 -D 4 -Q 1000 -c 4 -w 2 -t 5 --scan 5000:80000:5000
#type       avg     std     min      p5     p10     p50     p67     p75     p80     p85     p90     p95     p99    p999   p9999     QPS   target
read      445.2   672.8   173.5   267.5   297.1   403.9   441.4   461.5   475.1   494.0   516.0   557.7  1001.0  8784.4 29834.7   5005.4     5000
read      489.3   570.3   160.7   255.0   288.3   460.4   517.8   545.5   566.6   589.2   622.1   675.6  1056.6  8501.8 25362.5   9908.8    10000
read      507.6   498.1   173.5   245.6   277.0   471.3   549.6   589.1   617.1   647.7   689.4   775.1  1185.3  5830.5 24860.7  15005.8    15000
read      525.5   446.4   173.5   242.0   274.2   501.9   583.2   625.5   654.9   688.2   734.5   832.6  1099.4  3949.4 22142.9  19983.2    20000
read      536.7   504.1   173.5   239.8   268.7   501.8   590.7   638.2   672.4   712.5   768.0   892.2  1213.1  6375.0 26187.8  24927.8    25000
read      534.4   502.1   160.7   236.1   264.5   506.8   593.8   640.5   675.2   716.4   772.7   897.4  1164.4  5655.0 28831.9  30052.6    30000
read      518.9   352.7   160.7   233.7   258.7   490.6   587.9   637.9   673.7   717.0   779.0   912.9  1164.9  3454.7 15135.5  35064.2    35000
read      504.1   326.2   160.7   228.6   250.7   467.2   570.7   625.6   665.1   712.0   775.6   899.5  1146.7  3463.4 11105.5  39854.2    40000
read      507.2   301.5   160.7   232.2   255.8   474.3   576.5   631.1   669.8   715.8   777.3   894.2  1154.2  2583.5  9143.5  44985.5    45000
read      517.5   351.6   160.7   233.4   258.8   485.3   583.6   636.1   676.5   724.0   786.5   905.3  1164.9  2749.9 14527.4  49926.9    50000
read      512.2   327.8   160.7   236.1   262.5   482.2   577.7   629.6   667.8   713.5   774.9   884.2  1137.2  2429.9 14037.4  54891.6    55000
read      526.9   325.3   160.7   241.8   270.8   489.0   585.8   640.1   682.4   733.3   802.4   929.8  1224.0  3138.4 11564.9  60009.4    60000
read      558.9   354.9   160.7   253.4   288.2   518.9   614.4   670.0   713.1   768.2   850.6   993.2  1355.6  2661.6 12489.8  64919.4    65000
read      769.6   443.9   173.5   335.2   410.7   695.4   806.3   900.8   997.7  1123.3  1263.1  1414.7  1651.8  3929.9 16170.6  69803.0    70000
read      910.0   472.3   173.5   542.7   591.2   779.1   926.2  1140.1  1242.4  1328.8  1414.7  1519.3  1735.5  4817.2 17078.9  71089.4    75000
read      929.6   497.8   173.5   552.7   601.0   794.5   941.4  1158.0  1264.5  1353.8  1442.4  1552.8  1771.2  5667.6 17691.1  70642.2    80000
Warning! Detected max cpu usage > 95%
CPU Usage Stats (avg/min/max): 70.20%,1.52%,100.00%


Run 3:
ubuntu@client-measure-krjf:~/memcache-perf$ ./mcperf -s 100.96.2.3 -a 10.156.0.10 --noload -T 16 -C 4 -D 4 -Q 1000 -c 4 -w 2 -t 5 --scan 5000:80000:5000
#type       avg     std     min      p5     p10     p50     p67     p75     p80     p85     p90     p95     p99    p999   p9999     QPS   target
read      450.9   844.1   173.5   264.0   293.6   397.2   431.7   451.0   463.8   480.7   504.4   546.5  1371.2  8933.7 31336.0   4959.2     5000
read      481.0   611.0   173.5   252.0   283.9   453.5   511.7   540.7   561.5   585.5   618.7   674.0  1016.3  6145.1 29912.6   9996.2    10000
read      499.4   393.2   173.5   246.0   279.5   477.3   552.8   590.9   617.6   645.8   682.9   743.7  1028.5  4640.8 14873.2  15031.2    15000
read      523.0   489.3   160.7   243.8   276.4   495.0   577.6   620.8   649.9   684.9   733.1   808.0  1125.2  4966.8 29566.7  19966.4    20000
read      533.9   482.0   160.7   238.2   267.9   505.3   589.9   637.4   671.5   711.5   767.6   898.1  1172.6  5397.0 24898.9  24885.8    25000
read      528.6   410.7   160.7   236.3   264.2   502.1   590.6   637.0   673.9   718.3   778.8   917.8  1182.0  3182.6 17576.5  29986.8    30000
read      518.5   375.2   160.7   230.3   254.9   485.8   580.8   631.4   669.0   714.9   780.1   916.6  1221.5  4413.0 13625.3  34893.4    35000
read      520.3   392.2   160.7   230.4   256.2   491.4   586.6   636.1   672.3   715.7   776.0   906.1  1184.7  3838.2 13162.8  40087.6    40000
read      506.2   362.0   160.7   230.2   252.8   466.5   568.9   624.6   664.5   712.2   775.8   903.3  1200.5  3520.3 12586.4  44952.8    45000
read      508.1   385.2   160.7   229.6   254.8   478.9   575.0   627.4   665.4   709.8   768.8   877.8  1137.4  2471.6 15675.1  49975.0    50000
read      516.2   312.1   160.7   235.7   262.3   483.0   583.1   637.1   677.5   725.9   790.0   905.5  1167.5  2161.8 11520.9  54924.8    55000
read      523.0   324.2   160.7   241.1   270.1   494.0   587.8   638.4   676.4   723.3   786.8   904.3  1178.1  2255.8 12494.2  60103.2    60000
read      534.9   341.9   160.7   249.1   282.9   500.1   592.7   644.9   684.6   735.5   805.3   925.6  1203.6  2223.4 14850.8  65151.6    65000
read      571.1   344.7   160.7   260.3   299.7   524.9   623.5   684.6   735.1   799.5   889.7  1028.7  1338.5  2181.1 13200.1  70148.4    70000
read      904.3   448.3   173.5   529.3   579.0   785.4   930.7  1116.1  1220.9  1316.8  1412.3  1526.4  1733.7  3821.4 17844.5  70896.6    75000
read      925.4   475.1   160.7   556.5   607.8   796.3   921.6  1128.6  1262.9  1357.0  1444.5  1554.0  1763.2  3912.2 17400.7  70733.6    80000
Warning! Detected max cpu usage > 95%
CPU Usage Stats (avg/min/max): 74.04%,0.50%,100.00%


Results with ibench--cpu
Run1 :
ubuntu@client-measure-krjf:~/memcache-perf$ ./mcperf -s 100.96.2.3 -a 10.156.0.10 --noload -T 16 -C 4 -D 4 -Q 1000 -c 4 -w 2 -t 5 --scan 5000:80000:5000
#type       avg     std     min      p5     p10     p50     p67     p75     p80     p85     p90     p95     p99    p999   p9999     QPS   target
read     3272.7  2794.0   202.4   972.2  1037.8  3598.6  3702.9  3752.0  3802.5  3881.0  3959.5  4038.0 13434.7 32495.5 48726.0   5019.4     5000
read     3127.2  2172.2   173.5   326.7   397.9  3711.8  3852.6  3910.6  3946.9  3983.2  4019.5  4055.7  5220.7 31388.2 36078.1   9967.4    10000
read     2209.6  2092.5   173.5   297.8   352.4  1465.6  3740.0  3837.6  3887.8  3938.1  3988.4  4038.7  4331.7 30360.7 36312.2  14935.4    15000
read     1857.1  2165.3   173.5   300.7   350.8   756.9  2922.5  3786.2  3849.9  3913.7  3977.5  4041.3  5219.0 30986.9 48577.2  19937.6    20000
read     1773.6  2926.3   173.5   305.9   358.2   727.9  1125.4  3602.2  3825.9  3908.1  3990.4  4084.7  5933.9 35896.5 51308.2  24953.0    25000
read     1636.6  2940.5   173.5   306.4   356.3   695.9   905.4  1394.9  3795.6  3899.3  4003.1  4330.1  5933.4 32510.3 43860.3  29896.6    30000
read     1423.8  2310.8   173.5   318.4   372.4   693.5   878.3  1067.6  1537.2  3839.7  3972.4  4231.6  5826.4 31951.9 37869.8  34885.6    35000
read     2107.5  3663.0   202.4   549.4   604.0   861.1  1279.1  1487.6  3582.6  4622.2  5011.9  5577.6 22831.6 37042.7 50617.1  36764.8    40000
read     2113.6  3462.6   202.4   566.7   626.0   903.1  1316.5  1541.7  3791.2  4765.4  5309.7  6565.2 13484.1 36062.3 41771.3  36141.0    45000
read     2042.2  3421.1   202.4   548.3   597.5   864.4  1279.9  1459.8  2054.6  4663.5  5239.2  6368.0 10254.2 35590.7 40805.3  37279.2    50000
read     1997.6  3327.3   187.4   537.6   588.7   840.4  1257.2  1449.2  3523.2  4641.5  5117.2  5785.4  9013.5 35873.0 42938.4  37991.2    55000
read     2146.4  3549.3   202.4   585.5   644.0   911.6  1353.6  1601.9  4076.1  4751.9  5249.8  6387.5 14475.1 36349.5 60663.1  35692.6    60000
read     2102.1  3422.1   187.4   574.1   630.7   895.8  1330.3  1563.6  3824.6  4731.2  5229.1  6174.5 10905.4 35377.3 42497.9  36162.8    65000
read     2118.9  3440.8   202.4   571.8   631.1   906.0  1337.6  1576.8  3881.5  4766.1  5254.8  6281.7 12096.8 35561.6 44261.0  35979.4    70000
read     1956.6  3203.3   218.6   540.2   588.6   836.4  1252.2  1414.0  2019.0  4609.0  5141.1  6079.3  8561.3 35825.4 48085.1  38139.8    75000
read     2087.6  3421.3   173.5   572.1   628.4   886.5  1314.7  1527.2  3316.3  4709.0  5279.9  6599.9  9369.3 35486.9 45672.8  36391.0    80000
Warning! Detected max cpu usage > 95%
CPU Usage Stats (avg/min/max): 76.32%,2.02%,100.00%
Run2:
ubuntu@client-measure-krjf:~/memcache-perf$ ./mcperf -s 100.96.2.3 -a 10.156.0.10 --noload -T 16 -C 4 -D 4 -Q 1000 -c 4 -w 2 -t 5 --scan 5000:80000:5000
#type       avg     std     min      p5     p10     p50     p67     p75     p80     p85     p90     p95     p99    p999   p9999     QPS   target
read     2049.3  2760.7   187.4   895.1   939.2  1055.1  2382.0  2549.0  2726.9  3811.7  3924.3  4036.9 12835.1 30091.3 46000.0   5010.6     5000
read     2088.0  2080.3   187.4   329.5   898.6  1144.7  2674.0  3774.7  3839.3  3904.0  3968.6  4033.3  4851.1 29205.0 34632.3   9898.2    10000
read     1645.2  1746.9   173.5   286.7   333.0  1119.7  1253.3  2654.4  3311.0  3637.4  3845.3  3974.2  4241.0 25170.6 34816.4  14952.4    15000
read     1418.3  1515.8   173.5   281.7   327.9  1083.8  1218.8  1368.6  2673.6  3202.4  3621.5  3917.0  4066.4 18987.3 32965.4  19965.4    20000
read     1255.7  1385.9   160.7   285.1   332.6   893.8  1180.8  1291.7  1473.1  2680.6  3183.6  3854.9  4967.2 13939.6 32300.0  25025.8    25000
read     1178.8  1387.0   160.7   285.7   332.7   680.5  1114.2  1239.2  1365.0  1938.5  2921.4  3953.4  5434.8 14209.4 31592.6  30053.6    30000
read     1124.5  1353.5   160.7   301.6   351.2   667.4  1024.1  1180.8  1294.2  1538.2  2711.7  3928.7  5426.8 15377.7 30479.2  34976.6    35000
read     1873.0  2542.3   202.4   554.4   609.7   862.1  1266.5  1470.6  1985.6  4573.9  4886.3  5412.3  9281.0 31601.7 37872.0  36972.0    40000
read     1882.5  2469.2   218.6   564.0   617.9   863.4  1308.7  1492.7  3457.6  4639.7  5045.7  5686.1  8079.2 31519.0 41476.7  37074.6    45000
read     1868.1  2490.5   202.4   550.5   604.1   854.7  1287.5  1474.0  3330.9  4608.6  5033.8  5740.6  7965.4 31707.5 40370.3  37523.0    50000
read     1862.8  2534.6   187.4   552.0   602.9   847.2  1284.3  1462.3  3285.8  4595.5  5046.9  5775.7  8040.7 32031.1 42994.2  37655.2    55000
read     1940.2  2575.0   236.1   568.1   627.6   902.2  1325.8  1558.1  3756.9  4685.7  5084.2  5800.5  8218.4 31842.3 39620.8  36229.4    60000
read     1912.3  2528.3   218.6   573.3   627.7   873.1  1327.1  1532.1  3644.3  4659.3  5103.2  5717.1  8203.4 31917.1 47260.8  36596.6    65000
read     1881.4  2489.2   236.1   558.1   611.7   862.2  1282.8  1492.5  3386.9  4634.0  5051.1  5816.9  8043.9 31454.1 39025.9  37229.0    70000
read     1899.1  2494.0   187.4   562.7   620.7   873.6  1309.8  1516.7  3457.3  4636.2  5055.4  5787.4  8093.0 31508.5 39886.4  36867.8    75000
read     1997.7  2757.5   202.4   586.2   645.7   906.8  1345.2  1593.1  3784.2  4714.5  5156.9  6091.0  8349.2 32209.4 43205.2  35731.4    80000
Warning! Detected max cpu usage > 95%
CPU Usage Stats (avg/min/max): 73.84%,0.50%,100.00%
Run3:
ubuntu@client-measure-krjf:~/memcache-perf$ ./mcperf -s 100.96.2.3 -a 10.156.0.10 --noload -T 16 -C 4 -D 4 -Q 1000 -c 4 -w 2 -t 5 --scan 5000:80000:5000
#type       avg     std     min      p5     p10     p50     p67     p75     p80     p85     p90     p95     p99    p999   p9999     QPS   target
read     2145.6  2855.5   218.6   986.1  1032.2  1163.4  2410.6  2681.7  2760.7  3799.4  3923.9  4048.4 15084.7 32161.5 49730.4   4952.8     5000
read     2168.7  2276.5   173.5   318.4   455.5  1251.8  2711.2  3772.4  3838.3  3904.2  3970.1  4036.1  5911.8 31098.6 40998.2   9967.0    10000
read     1676.2  1778.0   160.7   288.6   335.8  1214.4  1342.5  2656.9  3236.5  3583.3  3835.7  3969.5  4243.9 24717.9 34400.9  15017.6    15000
read     1448.0  1546.8   173.5   285.5   329.9  1176.7  1308.0  1452.4  2689.4  3135.1  3532.7  3899.5  4070.8 20091.6 31741.2  19850.4    20000
read     1274.7  1464.6   160.7   285.9   331.1   832.4  1253.0  1355.6  1505.5  2693.2  3170.7  3847.6  5046.4 19556.2 32114.6  25141.8    25000
read     1235.4  1459.0   173.5   296.2   344.9   694.0  1167.2  1295.6  1446.9  2046.4  3112.9  4053.7  5520.0 15901.0 31070.6  30067.0    30000
read     1105.5  1281.8   160.7   294.7   342.8   655.5  1025.9  1224.5  1324.5  1527.3  2661.0  3887.9  5465.0 12496.1 27114.1  34983.2    35000
read     1767.9  2549.1   218.6   514.5   561.6   812.2  1166.0  1330.0  1485.1  4454.1  4781.4  5447.6  9254.7 31621.5 39507.2  38682.8    40000
read     1898.6  2573.0   236.1   553.6   607.3   867.7  1296.5  1484.2  3374.7  4633.4  5059.4  5854.3  8121.3 31991.1 38456.6  37199.6    45000
read     1829.9  2440.7   173.5   546.5   595.5   828.0  1268.9  1431.5  3034.9  4576.6  5026.7  5604.7  8123.2 31492.1 38384.0  38164.2    50000
read     1871.9  2453.8   187.4   551.6   606.7   865.8  1284.7  1484.8  3460.1  4613.5  5030.9  5573.0  8104.2 31505.2 38172.8  37350.0    55000
read     2018.6  2641.7   202.4   588.3   651.3   937.4  1376.3  1654.9  3992.0  4750.6  5208.1  6090.2  8278.6 31940.8 38983.7  35026.2    60000
read     1976.1  2675.3   202.4   573.9   633.6   910.8  1337.7  1572.3  3679.7  4701.6  5179.9  6131.9  8300.9 32343.5 40530.6  35806.8    65000
read     1970.5  2708.5   218.6   580.0   634.4   887.4  1327.9  1541.5  3405.6  4689.2  5219.8  6517.4  8311.8 32208.9 39792.8  36094.7    70000
read     1957.9  2717.4   202.4   574.1   630.7   875.6  1323.9  1526.5  3403.8  4677.3  5189.9  6172.1  8458.7 32111.1 48454.2  36259.4    75000
read     1873.7  2504.9   202.4   555.2   606.3   853.5  1283.6  1465.8  3335.3  4617.6  5060.7  5795.7  8075.5 31658.8 38738.7  37539.0    80000
Warning! Detected max cpu usage > 95%
CPU Usage Stats (avg/min/max): 78.07%,2.02%,100.00%


Results with ibench-l1d
Run1:
ubuntu@client-measure-krjf:~/memcache-perf$ ./mcperf -s 100.96.2.3 -a 10.156.0.10 --noload -T 16 -C 4 -D 4 -Q 1000 -c 4 -w 2 -t 5 --scan 5000:80000:5000
#type       avg     std     min      p5     p10     p50     p67     p75     p80     p85     p90     p95     p99    p999   p9999     QPS   target

read      437.0   694.7   187.4   263.8   290.7   393.6   429.4   449.1   462.7   479.6   503.7   548.9  1304.1  8429.2 29737.8   5043.6     5000
read      470.9   395.7   173.5   252.3   279.0   446.4   508.1   539.6   561.8   587.1   623.1   682.4  1052.2  4688.3 12680.4   9968.8    10000
read      495.4   441.2   173.5   248.2   276.6   466.8   549.3   589.8   617.6   647.7   689.2   752.5  1047.9  4229.5 18642.9  14952.2    15000
read      520.4   338.3   160.7   246.9   279.0   495.0   582.9   628.7   661.2   697.5   744.8   827.0  1102.8  3808.5 14013.1  19885.2    20000
read      517.1   567.1   173.5   234.6   258.4   471.4   580.2   634.0   670.2   710.9   761.9   847.8  1140.3  8288.0 29879.8  24953.0    25000
read      504.8   367.5   160.7   234.5   258.2   468.0   566.8   621.1   660.5   707.4   764.3   856.0  1094.2  4219.5 10267.6  29928.4    30000
read      512.2   371.5   160.7   235.6   259.7   480.1   577.5   632.7   673.4   721.0   781.3   870.0  1150.1  3093.6 12258.8  34987.0    35000
read      506.0   340.7   160.7   235.1   258.5   474.5   575.3   630.0   671.3   719.5   779.5   867.4  1117.7  2125.8 12923.2  39942.6    40000
read      502.9   332.5   160.7   236.7   259.7   467.9   568.2   623.4   664.5   713.2   776.3   869.9  1104.7  2701.8 12058.3  44963.4    45000
read      512.7   318.5   160.7   240.2   264.8   476.5   578.3   632.6   674.2   724.0   789.4   893.2  1169.3  2370.3 12433.0  50166.0    50000
read      521.8   432.6   160.7   242.0   267.6   481.0   578.8   631.7   671.7   721.3   789.9   904.3  1234.0  3228.9 20178.0  54930.0    55000
read      549.3   407.8   160.7   251.3   281.4   505.3   600.7   656.5   697.7   748.4   824.0   966.0  1433.7  4052.3 13108.8  59759.2    60000
read      548.8   364.4   160.7   257.8   291.1   510.5   605.4   659.9   700.3   750.6   823.9   942.1  1286.5  2996.7 14984.6  64864.5    65000
read      935.1   484.1   173.5   555.2   603.9   806.6   950.9  1148.9  1267.7  1360.7  1452.5  1570.4  1818.5  4233.8 19097.8  68416.4    70000
read      923.9   489.4   173.5   554.5   600.6   790.7   935.8  1165.2  1265.8  1348.2  1431.7  1537.1  1744.1  4406.4 19106.1  70475.2    75000
read      961.5   549.7   187.4   570.5   621.5   827.0   970.2  1187.8  1303.8  1396.9  1484.0  1598.0  1850.6  5636.6 22687.4  68648.5    80000
Warning! Detected max cpu usage > 95%
CPU Usage Stats (avg/min/max): 75.15%,0.50%,100.00%
Run2:
ubuntu@client-measure-krjf:~/memcache-perf$ ./mcperf -s 100.96.2.3 -a 10.156.0.10 --noload -T 16 -C 4 -D 4 -Q 1000 -c 4 -w 2 -t 5 --scan 5000:80000:5000
#type       avg     std     min      p5     p10     p50     p67     p75     p80     p85     p90     p95     p99    p999   p9999     QPS   target
read      434.7   718.7   187.4   259.5   284.5   391.8   429.7   450.7   465.1   484.3   508.1   552.0  1193.2  8876.4 29975.0   5004.0     5000
read      491.1   522.3   173.5   255.8   284.6   470.5   533.2   564.7   585.8   612.5   643.7   699.2  1046.4  4736.7 28768.7  10035.4    10000
read      497.9   458.0   160.7   244.2   272.2   470.8   551.0   590.3   616.7   644.2   683.5   747.8  1083.7  6502.8 15982.7  14954.4    15000
read      509.6   434.0   160.7   240.7   267.8   484.8   571.0   615.8   645.0   679.0   723.2   799.6  1087.9  5170.7 18240.0  20098.6    20000
read      530.6   399.9   160.7   243.2   272.4   513.6   595.5   638.7   671.6   709.9   761.0   849.7  1164.7  3694.0 13842.6  25030.4    25000
read      527.4   440.7   160.7   236.4   260.9   497.2   592.9   643.2   678.9   720.6   775.2   867.3  1253.4  4912.2 24017.4  29883.8    30000
read      522.6   347.7   160.7   236.6   261.8   501.5   596.2   645.2   679.9   721.9   777.2   867.2  1201.1  3021.1 12635.6  34929.0    35000
read      509.2   351.9   160.7   233.8   256.2   472.9   577.3   631.3   669.2   714.2   775.6   873.4  1190.7  4508.5 13608.8  39904.8    40000
read      516.2   368.1   160.7   234.8   257.3   478.9   583.8   635.7   674.4   721.4   785.0   891.8  1256.4  3611.8 14715.1  44779.8    45000
read      516.9   357.0   160.7   237.8   262.2   481.9   583.5   634.5   672.6   719.5   784.7   895.0  1253.6  3009.1 12526.7  50134.4    50000
read      520.2   354.5   160.7   240.4   267.5   490.7   587.9   634.8   670.5   714.2   775.2   873.8  1187.0  2974.1 13095.2  55222.6    55000
read      527.0   323.4   160.7   244.5   272.1   487.8   586.4   638.6   677.9   728.4   798.2   926.0  1303.2  2717.1 12056.4  59965.6    60000
read      529.1   331.7   160.7   249.1   278.6   490.5   587.5   638.8   678.8   729.1   798.4   923.0  1256.4  2860.1 11465.8  65113.6    65000
read      943.7   551.9   173.5   545.7   600.8   822.2   968.6  1137.3  1253.1  1356.5  1457.9  1582.1  1840.6  5585.5 25576.7  68025.6    70000
read      980.7   534.0   187.4   581.0   637.8   849.8   988.9  1189.3  1318.4  1422.8  1519.9  1632.6  1871.0  5180.6 21645.6  67170.0    75000
read      958.0   492.5   173.5   570.5   622.3   826.4   962.7  1177.7  1300.0  1394.2  1486.6  1599.9  1845.3  4900.8 17437.4  68684.8    80000
Warning! Detected max cpu usage > 95%
CPU Usage Stats (avg/min/max): 83.82%,19.10%,100.00%


Run3:
ubuntu@client-measure-krjf:~/memcache-perf$ ./mcperf -s 100.96.2.3 -a 10.156.0.10 --noload -T 16 -C 4 -D 4 -Q 1000 -c 4 -w 2 -t 5 --scan 5000:80000:5000
#type       avg     std     min      p5     p10     p50     p67     p75     p80     p85     p90     p95     p99    p999   p9999     QPS   target
read      434.8   699.7   187.4   259.7   282.9   387.8   424.8   444.3   459.0   475.0   500.1   543.7  1335.3  8204.9 31000.8   5058.6     5000
read      489.2   563.2   173.5   250.0   276.8   456.5   517.8   547.9   570.3   593.3   629.2   687.8  1336.3  6043.4 29257.6   9843.4    10000
read      502.1   432.0   173.5   244.7   274.7   473.8   550.1   585.7   611.1   638.6   678.1   743.6  1162.0  5421.6 20123.4  14981.2    15000
read      529.0   446.5   173.5   245.8   277.1   509.9   590.0   631.9   661.5   692.9   740.9   824.2  1164.6  4826.9 28296.0  20154.2    20000
read      520.7   439.1   173.5   239.2   265.5   490.3   583.5   630.4   664.5   705.0   761.4   858.8  1193.8  4064.4 28266.6  24915.1    25000
read      527.2   434.6   160.7   237.7   265.0   503.9   591.6   636.8   670.8   711.9   770.1   871.3  1183.8  3716.1 23946.5  29831.6    30000
read      519.6   338.4   160.7   233.1   257.8   492.6   588.1   638.0   675.7   722.0   784.1   887.3  1225.2  2810.4 13821.9  34984.8    35000
read      512.0   366.9   160.7   233.2   257.2   485.2   582.2   632.7   669.0   711.4   766.8   854.9  1168.4  3398.8 14900.0  40070.0    40000
read      515.1   415.1   160.7   233.7   258.1   487.6   583.3   631.6   667.1   709.5   767.6   858.5  1144.5  4213.2 15841.9  44843.2    45000
read      518.1   350.6   173.5   238.1   263.6   485.6   585.1   635.5   672.9   718.1   781.3   881.7  1221.6  2979.8 13182.9  49932.2    50000
read      515.5   363.6   160.7   240.1   265.5   472.9   572.8   626.9   666.8   715.6   784.1   910.4  1294.2  2963.3 14493.2  55024.8    55000
read      528.2   342.9   160.7   246.9   276.1   497.1   590.7   638.3   675.0   720.4   783.9   898.0  1240.0  2738.8 12697.6  60037.6    60000
read      535.6   345.8   160.7   251.7   282.3   497.4   590.6   641.0   682.1   734.0   806.7   939.6  1263.6  2634.2 14721.9  65068.2    65000
read      818.9   457.6   173.5   399.3   476.5   729.6   851.2   977.1  1088.2  1200.7  1313.7  1447.9  1682.6  3696.1 16986.8  69776.6    70000
read      926.2   496.5   173.5   556.2   604.1   787.7   935.5  1176.9  1273.9  1353.0  1436.0  1543.1  1792.8  4143.6 19424.1  70118.2    75000
read      910.5   481.0   173.5   552.0   596.3   768.6   919.2  1171.1  1262.9  1337.0  1411.7  1497.0  1728.3  4778.8 17583.7  71915.2    80000
Warning! Detected max cpu usage > 95%
CPU Usage Stats (avg/min/max): 75.23%,3.02%,100.00%


Results with ibench-l1i

Run1:

ubuntu@client-measure-krjf:~/memcache-perf$ ./mcperf -s 100.96.2.3 -a 10.156.0.10 --noload -T 16 -C 4 -D 4 -Q 1000 -c 4 -w 2 -t 5 --scan 5000:80000:5000
#type       avg     std     min      p5     p10     p50     p67     p75     p80     p85     p90     p95     p99    p999   p9999     QPS   target
read     1721.5  2650.7   218.6   597.9   616.4   730.8  1885.8  1982.1  2099.7  3792.7  3920.2  4047.8 12100.5 32775.3 48737.8   5007.0     5000
read     1766.0  2054.8   173.5   314.0   473.9   816.6  1942.1  3527.6  3797.3  3872.8  3948.2  4023.7  4736.8 28912.9 36517.0  10020.2    10000
read     1429.2  1683.6   173.5   297.9   344.8   807.1   927.7  1948.6  3139.2  3532.1  3795.4  3951.0  4222.2 22128.7 34141.9  14809.0    15000
read     1197.7  1367.3   160.7   286.5   332.0   772.9   896.1  1007.0  1914.4  2911.7  3381.7  3811.2  4053.2 15631.9 30127.0  19930.4    20000
read     1077.7  1245.7   160.7   285.2   332.5   728.6   874.4   975.0  1088.4  2043.4  2997.7  3465.1  4055.1 14375.4 29488.4  24988.8    25000
read     1068.5  1234.8   160.7   288.6   336.7   690.7   871.2   980.1  1101.4  1981.2  2794.5  3490.6  5094.3 11183.7 29968.1  29975.6    30000
read     1038.3  1194.6   160.7   296.7   345.1   670.9   854.2   960.8  1072.9  1258.4  2422.3  3873.3  5107.0  8782.3 26147.8  35044.2    35000
read     1882.8  2477.9   187.4   557.1   612.0   870.6  1279.6  1478.7  2731.9  4602.4  4929.0  5431.5  9272.3 31274.0 37756.2  36486.4    40000
read     1993.9  2742.1   218.6   577.6   636.0   914.4  1346.5  1565.4  3487.7  4730.3  5223.3  6238.8  8396.2 32111.4 40848.9  35531.4    45000
read     1943.4  2717.8   202.4   558.1   617.5   887.0  1299.4  1522.4  3026.9  4671.4  5136.8  6257.0  8029.2 32145.7 46368.2  36407.8    50000
read     1917.0  2486.9   218.6   568.4   624.8   888.4  1332.1  1553.1  3834.6  4665.5  5069.5  5645.6  8038.3 31497.8 37919.0  36503.0    55000
read     1931.2  2693.7   187.4   562.1   615.4   870.6  1307.3  1497.3  2882.0  4656.1  5147.9  6075.9  8224.3 32077.5 39868.2  36722.6    60000
read     1987.7  2732.0   187.4   568.3   630.7   921.9  1326.5  1557.8  3301.0  4730.6  5222.6  6483.3  8132.0 32131.7 37735.3  35725.8    65000
read     1917.8  2618.5   202.4   556.2   612.4   871.4  1302.0  1497.5  2935.2  4672.6  5132.6  5932.1  8228.1 31954.5 40903.6  36757.4    70000
read     1993.5  2652.2   218.6   587.3   643.4   912.0  1365.6  1608.1  3950.1  4766.0  5187.9  5911.0  8249.6 32188.7 40385.4  35404.6    75000
read     2026.4  2689.6   218.6   597.5   655.8   931.5  1393.4  1644.9  4133.1  4792.8  5187.3  5913.2  8270.8 32196.5 40573.6  34978.4    80000
Warning! Detected max cpu usage > 95%
CPU Usage Stats (avg/min/max): 76.65%,1.01%,100.00%

Run2:
ubuntu@client-measure-krjf:~/memcache-perf$ ./mcperf -s 100.96.2.3 -a 10.156.0.10 --noload -T 16 -C 4 -D 4 -Q 1000 -c 4 -w 2 -t 5 --scan 5000:80000:5000
#type       avg     std     min      p5     p10     p50     p67     p75     p80     p85     p90     p95     p99    p999   p9999     QPS   target

read     2113.6  2732.4   187.4   958.0  1000.0  1130.1  2518.1  2689.6  2768.6  3805.3  3925.9  4046.4 13458.9 31930.7 42633.9   4985.4     5000
read     2081.1  2048.7   173.5   321.9   439.5  1201.9  2694.6  3668.8  3820.1  3889.1  3958.2  4027.2  5088.6 29276.1 35697.7   9966.0    10000
read     1647.7  1789.4   173.5   289.7   336.4  1184.8  1314.1  2654.4  3120.2  3544.5  3815.1  3959.1  4176.9 28182.3 34336.1  15036.4    15000
read     1412.0  1502.5   173.5   290.1   335.6  1148.0  1282.6  1424.5  2663.1  3037.2  3441.0  3867.0  4058.8 20114.0 32214.4  20057.4    20000
read     1214.9  1282.1   160.7   279.7   322.6   805.0  1228.0  1322.7  1439.0  2638.7  3054.7  3776.9  4473.9 11998.5 30633.7  24985.8    25000
read     1198.6  1414.2   173.5   289.8   335.7   683.9  1158.2  1285.9  1428.6  1765.0  2961.5  3983.6  5496.0 15035.8 30268.9  30083.8    30000
read     1159.8  1400.5   173.5   306.6   359.1   684.2   980.2  1214.4  1335.2  1565.7  2839.1  4154.1  5516.5 14980.5 29482.0  35027.2    35000
read     1817.2  2636.0   202.4   533.6   583.7   805.0  1199.3  1376.8  1570.0  4492.9  4808.9  5484.1  9312.2 31722.1 39867.7  38180.6    40000
read     1973.0  2684.1   187.4   579.5   639.3   900.0  1336.9  1554.5  3624.5  4696.8  5211.1  6167.5  8370.9 32188.3 41466.7  35883.2    45000
read     1971.2  2698.2   202.4   578.2   633.7   890.6  1338.5  1566.8  3788.9  4677.8  5156.2  5938.4  8185.1 32385.4 39890.0  36087.4    50000
read     1976.5  2745.5   202.4   572.9   633.0   900.3  1322.3  1551.0  3707.3  4707.0  5185.8  6135.3  8354.1 32245.2 40549.7  36109.8    55000
read     1900.6  2580.7   202.4   539.4   598.2   879.9  1279.2  1477.4  3434.6  4614.6  5098.2  6024.8  8125.7 31790.9 38976.9  37142.0    60000
read     1847.3  2519.3   202.4   542.2   593.9   832.0  1252.6  1436.8  3078.7  4579.4  5082.1  5818.9  8116.7 31545.8 37706.5  38049.2    65000
read     1939.8  2625.1   202.4   570.6   626.4   883.9  1307.6  1507.9  3571.6  4656.9  5170.0  6203.2  8283.5 31791.1 38183.0  36536.4    70000
read     1939.4  2669.9   202.4   563.4   622.0   876.8  1312.7  1522.6  3626.9  4642.9  5151.4  5954.3  8197.6 32147.0 39870.7  36680.4    75000
read     1954.6  2712.1   218.6   566.6   623.3   884.2  1312.1  1533.7  3636.6  4666.3  5159.1  6148.8  8202.9 32081.9 37892.6  36363.6    80000
Warning! Detected max cpu usage > 95%
CPU Usage Stats (avg/min/max): 82.02%,12.12%,100.00%

Run3:
ubuntu@client-measure-krjf:~/memcache-perf$ ./mcperf -s 100.96.2.3 -a 10.156.0.10 --noload -T 16 -C 4 -D 4 -Q 1000 -c 4 -w 2 -t 5 --scan 5000:80000:5000
#type       avg     std     min      p5     p10     p50     p67     p75     p80     p85     p90     p95     p99    p999   p9999     QPS   target
read     2279.6  3121.5   202.4  1036.3  1091.8  1224.8  2611.3  2884.7  2992.4  3826.0  3937.6  4049.2 20369.5 34532.7 49207.3   5031.6     5000
read     2105.8  2094.0   173.5   316.1   411.6  1286.9  2832.9  3582.5  3802.9  3876.2  3949.5  4022.9  5183.5 29399.0 34785.6  10094.0    10000
read     1775.4  1824.8   173.5   293.6   341.8  1283.1  1451.0  2930.0  3373.8  3731.8  3873.5  3990.3  4353.9 28082.3 35952.6  15059.2    15000
read     1463.6  1560.0   160.7   287.6   334.0  1222.1  1363.1  1497.0  2803.5  3101.5  3500.6  3897.5  4099.6 20303.4 32329.7  19937.6    20000
read     1304.3  1411.4   173.5   283.9   328.4   807.6  1321.7  1434.7  1606.1  2847.8  3255.1  3889.8  5197.0 15995.7 31917.1  25039.8    25000
read     1245.3  1470.9   160.7   300.4   350.6   705.0  1233.8  1374.9  1518.3  2053.6  3107.6  3991.2  5505.8 16943.4 32528.7  29979.4    30000
read     1100.5  1253.4   160.7   289.5   334.8   637.9  1018.2  1284.7  1381.8  1579.8  2676.8  3901.4  5457.2  9957.9 29173.2  34888.0    35000
read     1441.7  2037.0   173.5   359.4   435.3   730.4  1042.0  1250.0  1390.4  2203.0  4509.8  5037.2  8684.2 30288.9 32513.1  39800.0    40000
read     1923.7  2626.9   202.4   568.0   622.2   870.9  1297.7  1499.3  3603.1  4605.7  4941.4  5444.8  9264.4 31858.7 40922.1  36485.2    45000
read     1888.0  2628.9   218.6   547.8   600.2   859.1  1276.1  1465.7  3556.7  4608.8  5040.7  5764.4  8103.8 32221.0 48111.0  37471.0    50000
read     1971.8  2778.8   187.4   560.8   621.3   899.5  1317.2  1558.8  3708.5  4710.1  5194.1  6076.7  8322.3 32240.1 50203.4  36105.0    55000
read     1973.6  2727.9   187.4   579.3   635.6   885.1  1320.9  1540.4  3600.5  4677.7  5239.4  6489.3  8443.9 31970.2 39451.0  36021.8    60000
read     2017.9  2837.0   187.4   580.4   641.8   913.5  1347.5  1585.4  3803.9  4708.6  5221.2  6535.8  8145.6 32383.8 39998.9  35610.4    65000
read     1969.3  2769.2   202.4   568.3   624.6   874.6  1322.0  1537.6  3650.4  4669.5  5175.0  6183.9  8412.6 32232.4 37848.3  36319.4    70000
read     1986.7  2698.6   202.4   573.9   635.4   915.9  1335.7  1586.0  3799.6  4676.8  5173.6  5964.0  8299.0 32074.9 39496.7  35716.4    75000
read     2032.8  2845.3   202.4   582.0   644.9   928.5  1346.0  1605.5  3820.4  4710.5  5228.0  6538.5  8248.8 32134.5 40065.4  35340.9    80000
Warning! Detected max cpu usage > 95%
CPU Usage Stats (avg/min/max): 74.24%,3.00%,100.00%


Results with ibench-l2
Run1:
ubuntu@client-measure-krjf:~/memcache-perf$ ./mcperf -s 100.96.2.3 -a 10.156.0.10 --noload -T 16 -C 4 -D 4 -Q 1000 -c 4 -w 2 -t 5 --scan 5000:80000:5000
#type       avg     std     min      p5     p10     p50     p67     p75     p80     p85     p90     p95     p99    p999   p9999     QPS   target
read      433.2   624.6   187.4   270.6   296.8   395.3   431.3   451.5   465.0   483.3   506.7   548.2  1071.2  7919.3 28957.7   5037.6     5000
read      478.7   424.1   173.5   258.5   289.2   455.2   515.4   545.9   568.4   591.9   628.7   691.3  1050.0  4053.0 27901.4   9923.4    10000
read      516.0   470.8   173.5   253.4   283.8   484.6   564.5   606.1   634.6   669.8   715.8   822.6  1126.7  4885.6 28491.9  15097.0    15000
read      535.0   399.2   173.5   250.6   281.3   505.0   589.5   634.4   666.5   702.5   750.1   894.7  1174.0  4448.1 14318.8  20024.8    20000
read      538.5   435.7   173.5   245.7   275.2   510.0   598.2   647.2   682.3   723.9   790.0   937.7  1164.9  3288.5 28001.8  24946.0    25000
read      526.6   388.7   160.7   238.0   262.9   490.4   588.1   641.4   682.6   730.1   808.3   942.0  1205.6  2819.4 17110.4  29927.0    30000
read      516.7   466.8   148.8   232.1   254.6   477.3   575.3   631.3   671.6   719.6   794.5   920.5  1165.1  5108.3 23621.8  34963.8    35000
read      511.3   348.5   160.7   235.5   257.8   473.4   572.8   628.1   669.5   719.4   797.3   936.3  1182.7  2785.5 12889.7  40054.6    40000
read      524.5   346.4   160.7   237.6   263.6   489.9   590.2   642.7   684.1   733.3   809.6   946.8  1211.9  2472.9 14189.8  44980.6    45000
read      518.7   336.2   160.7   241.2   265.4   477.0   578.3   634.3   676.6   727.4   804.9   944.0  1247.5  2460.9 12548.1  49843.0    50000
read      559.1   456.8   160.7   245.5   273.5   503.2   606.2   666.5   712.1   773.7   869.3  1026.8  1566.1  4463.6 21905.9  54839.4    55000
read      532.2   367.0   173.5   249.4   277.2   486.1   584.6   640.5   684.1   737.7   825.8   961.7  1283.2  2917.0 13728.4  59981.0    60000
read      568.2   353.9   160.7   266.0   301.2   523.7   621.4   680.6   726.3   788.4   876.5  1011.2  1337.4  2561.8 12745.6  64846.2    65000
read      875.8   545.7   173.5   449.0   525.6   765.7   906.2  1066.2  1187.4  1291.7  1384.4  1503.7  1742.0  4380.7 21897.1  69197.4    70000
read      843.2   456.0   173.5   478.4   530.8   730.1   875.6  1055.3  1148.4  1231.2  1316.2  1423.2  1612.9  3773.6 17431.4  73510.2    75000
read      957.3   478.8   187.4   572.3   624.9   826.9   949.7  1162.0  1298.3  1397.2  1488.9  1604.4  1844.3  5216.2 16985.0  68622.6    80000
Warning! Detected max cpu usage > 95%
CPU Usage Stats (avg/min/max): 74.47%,2.51%,100.00%

Run2:
ubuntu@client-measure-krjf:~/memcache-perf$ ./mcperf -s 100.96.2.3 -a 10.156.0.10 --noload -T 16 -C 4 -D 4 -Q 1000 -c 4 -w 2 -t 5 --scan 5000:80000:5000
#type       avg     std     min      p5     p10     p50     p67     p75     p80     p85     p90     p95     p99    p999   p9999     QPS   target
read      428.5   693.9   173.5   258.6   284.5   383.1   418.7   436.9   453.3   469.6   496.7   545.3   905.6  9515.3 29008.2   4977.0     5000
read      471.6   447.1   173.5   252.4   282.2   447.2   505.5   536.8   558.4   583.6   617.9   680.7   998.1  4664.9 27889.8   9980.2    10000
read      524.1   449.5   173.5   253.7   287.2   500.9   577.9   616.3   641.0   675.9   720.6   800.4  1172.5  4425.1 23008.4  15042.2    15000
read      515.1   461.9   160.7   239.9   267.6   485.6   570.2   613.8   643.3   681.2   732.0   823.7  1216.5  5277.3 28205.0  19987.4    20000
read      519.4   368.8   160.7   234.4   261.3   491.8   584.5   632.2   667.0   707.4   761.2   859.0  1262.7  4043.5  9456.9  25023.5    25000
read      517.7   345.4   160.7   237.6   262.4   494.1   589.4   636.9   674.1   717.8   774.7   866.6  1163.4  2459.9 11760.5  30035.4    30000
read      516.0   383.8   160.7   234.0   257.3   485.6   588.4   639.0   676.8   721.7   781.1   872.1  1180.5  3131.6 17228.3  35055.8    35000
read      513.1   313.9   160.7   235.6   259.1   484.3   590.5   641.5   678.2   722.0   780.3   870.7  1187.3  2751.3 12214.0  40269.2    40000
read      518.9   318.0   160.7   236.6   261.1   488.3   596.1   646.3   683.0   727.5   788.1   889.4  1212.3  2505.6 12689.7  44945.4    45000
read      524.8   376.9   160.7   237.7   263.9   491.4   596.0   644.2   680.1   722.6   779.5   874.4  1244.0  4071.4 10252.8  50006.2    50000
read      524.2   354.0   160.7   240.1   267.3   491.2   595.8   646.5   682.7   725.6   783.5   881.2  1203.0  3110.4 14518.4  54775.7    55000
read      568.0   354.3   173.5   248.7   279.7   517.9   626.9   684.8   728.4   784.7   865.9  1027.0  1666.9  3033.1 11966.5  59813.4    60000
read      533.8   366.4   160.7   252.3   281.8   496.3   596.6   649.1   687.7   735.3   798.0   909.8  1247.2  2703.0 14253.3  64909.3    65000
read      840.7   438.0   173.5   424.6   503.7   744.6   865.0  1012.1  1133.7  1242.9  1346.2  1466.6  1684.1  3173.7 16282.2  69796.8    70000
read      946.9   482.4   173.5   561.6   612.1   820.2   950.9  1164.3  1287.0  1382.2  1471.1  1585.0  1793.7  4294.4 17500.2  68970.0    75000
read      968.6   526.6   173.5   583.7   640.1   836.2   946.8  1169.3  1313.9  1418.0  1511.4  1616.2  1842.1  4871.1 21476.6  68036.7    80000
Warning! Detected max cpu usage > 95%
CPU Usage Stats (avg/min/max): 75.63%,1.01%,100.00%



Run3:
ubuntu@client-measure-krjf:~/memcache-perf$ ./mcperf -s 100.96.2.3 -a 10.156.0.10 --noload -T 16 -C 4 -D 4 -Q 1000 -c 4 -w 2 -t 5 --scan 5000:80000:5000
#type       avg     std     min      p5     p10     p50     p67     p75     p80     p85     p90     p95     p99    p999   p9999     QPS   target
read      431.4   662.2   187.4   261.5   288.6   387.6   422.4   440.7   455.9   471.1   498.4   544.7  1182.7  8813.8 29320.5   4986.6     5000
read      480.8   506.3   173.5   254.7   283.2   459.5   521.6   550.0   572.2   594.5   626.6   680.2   916.4  6324.2 28868.6  10057.2    10000
read      498.3   403.5   173.5   249.9   280.0   473.9   551.9   589.7   615.8   642.7   683.4   752.4  1061.1  4494.8 15662.7  15024.6    15000
read      531.1   496.7   173.5   248.1   279.4   495.6   579.0   623.5   655.8   694.3   748.5   847.1  1197.2  7637.2 19004.4  19964.6    20000
read      519.1   347.8   160.7   237.6   264.7   491.7   581.5   628.0   662.8   705.0   762.1   860.8  1228.5  4200.1 10822.3  25059.0    25000
read      523.9   423.3   160.7   232.9   258.0   497.9   592.8   639.2   674.8   716.2   769.7   860.3  1225.6  4672.3 16063.3  30059.9    30000
read      519.7   449.3   160.7   234.9   257.5   484.5   587.4   638.7   677.2   722.6   783.0   880.2  1268.8  4226.7 29024.5  34933.2    35000
read      514.2   372.6   160.7   235.8   258.0   471.0   578.9   633.9   675.3   725.1   792.0   902.9  1250.8  3948.3 13405.6  40208.0    40000
read      519.7   380.9   173.5   235.4   259.9   484.6   588.1   640.0   679.5   726.6   790.5   900.0  1230.9  3551.6 14755.5  45109.6    45000
read      521.8   348.8   160.7   240.0   264.1   476.7   586.3   641.7   683.0   732.5   801.4   918.6  1288.7  3321.7 12936.4  49761.0    50000
read      522.0   318.6   160.7   243.8   271.9   492.2   595.6   646.0   681.1   724.0   782.1   874.0  1179.3  1949.7 13398.8  54913.1    55000
read      528.5   347.2   160.7   246.4   274.4   491.6   592.9   643.4   681.8   727.8   790.0   903.4  1307.4  2859.8 12803.2  60117.5    60000
read      567.2   336.9   160.7   261.5   296.3   529.4   631.1   685.5   727.0   779.2   854.1   991.8  1351.1  2650.6 12237.4  65019.5    65000
read      926.1   542.5   187.4   550.1   599.4   789.5   939.6  1166.0  1268.6  1350.3  1432.9  1535.2  1738.1  5065.1 24197.9  68645.4    70000
read      963.4   486.7   173.5   575.6   630.6   833.1   964.8  1168.5  1301.5  1403.3  1494.0  1610.5  1872.2  4487.3 16266.7  68120.8    75000
read      974.4   511.8   187.4   595.3   648.4   839.6   958.0  1170.3  1320.0  1424.1  1518.8  1635.6  1873.2  4255.5 22484.0  67637.8    80000
Warning! Detected max cpu usage > 95%
CPU Usage Stats (avg/min/max): 76.36%,4.69%,100.00%


Results using ibench-llc
Run1:
ubuntu@client-measure-krjf:~/memcache-perf$ ./mcperf -s 100.96.2.3 -a 10.156.0.10 --noload -T 16 -C 4 -D 4 -Q 1000 -c 4 -w 2 -t 5 --scan 5000:80000:5000
#type       avg     std     min      p5     p10     p50     p67     p75     p80     p85     p90     p95     p99    p999   p9999     QPS   target
read      518.0  1178.0   187.4   273.8   303.5   419.4   462.9   487.2   504.1   527.0   555.4   622.3  3078.6 13934.1 49207.1   5032.0     5000
read      570.1  1013.5   173.5   250.9   280.8   487.5   565.0   605.9   635.1   671.9   721.6   831.1  2809.2  9242.0 32409.7   9900.8    10000
read      623.8  1122.2   173.5   241.5   266.3   506.3   608.8   663.9   703.2   748.9   834.6   956.1  4147.8 11058.1 35723.9  15022.2    15000
read      637.9  1074.7   173.5   241.2   265.9   533.5   638.1   703.9   754.0   834.8   917.6  1025.0  3209.9 14179.3 33812.8  20076.2    20000
read      629.6   941.2   173.5   238.4   259.4   525.5   639.9   713.7   779.1   864.6   955.7  1078.4  3105.9  9194.3 31985.2  24820.6    25000
read      667.1   939.7   173.5   243.5   268.7   563.7   681.6   751.2   822.8   900.0   993.5  1141.2  3377.4  9392.1 32156.4  29908.2    30000
read      689.6  1113.2   173.5   244.8   269.5   551.5   682.3   765.1   841.6   926.9  1026.2  1212.6  3933.4 12580.1 38094.2  35063.2    35000
read      646.6   835.3   173.5   246.3   271.9   544.9   673.2   745.8   810.1   887.8   989.7  1157.3  2586.5  9133.1 31847.0  39990.0    40000
read      690.4   889.1   173.5   252.2   283.9   584.2   725.7   811.9   872.6   950.2  1053.1  1234.8  2353.7  9118.5 31829.9  44786.6    45000
read      751.2  1034.8   173.5   259.8   296.5   619.8   769.5   856.6   921.9  1004.8  1142.4  1444.1  3697.8 11029.8 36168.4  49905.8    50000
read      892.1   945.3   173.5   303.0   373.9   802.3   934.7  1006.1  1070.8  1182.4  1489.5  1788.7  2307.8 12146.0 35940.8  54924.6    55000
read     1136.6   890.5   187.4   703.0   757.9   950.4  1053.6  1176.0  1455.6  1625.3  1750.8  1899.7  2635.7 10660.7 32008.6  58118.5    60000
read     1158.0   878.5   173.5   728.7   780.2   962.1  1056.9  1180.0  1506.4  1663.4  1791.5  1943.3  2840.0 11620.2 31941.7  57759.6    65000
read     1215.0  1010.8   187.4   765.7   822.6  1005.7  1092.1  1190.3  1538.7  1739.2  1875.6  2022.2  3081.0 13122.4 32163.1  55280.2    70000
read     1191.3   849.5   187.4   757.3   815.1  1004.4  1091.7  1195.6  1517.5  1718.1  1856.9  2010.8  2650.2  9663.0 31887.5  56015.0    75000
read     1245.3   951.2   187.4   806.2   855.0  1034.8  1124.2  1228.8  1558.2  1791.4  1934.3  2107.9  3380.3 11375.4 32370.9  53889.7    80000
Warning! Detected max cpu usage > 95%
CPU Usage Stats (avg/min/max): 73.84%,1.50%,100.00%

Run2:ubuntu@client-measure-krjf:~/memcache-perf$ ./mcperf -s 100.96.2.3 -a 10.156.0.10 --noload -T 16 -C 4 -D 4 -Q 1000 -c 4 -w 2 -t 5 --scan 5000:80000:5000
#type       avg     std     min      p5     p10     p50     p67     p75     p80     p85     p90     p95     p99    p999   p9999     QPS   target

read      533.7  1194.4   187.4   268.4   303.2   421.4   465.1   490.5   507.5   531.5   561.6   625.6  4054.9 26197.6 32430.0   5016.6     5000
read      554.7   771.0   173.5   248.1   275.9   484.2   560.2   599.0   628.5   664.4   713.0   802.4  3367.2  8769.8 32543.6   9970.2    10000
read      598.8  1187.4   173.5   241.0   266.4   501.0   598.6   649.6   688.5   735.2   795.0   894.1  3059.8  9903.6 54273.0  14844.0    15000
read      592.1   841.2   173.5   237.7   261.4   516.6   619.6   683.9   733.8   794.7   867.5   975.6  1566.5  8659.0 31811.7  20140.7    20000
read      633.5  1046.7   173.5   236.1   260.0   533.5   639.3   707.0   759.4   826.2   908.5  1044.3  3015.3 14808.9 38447.7  24944.2    25000
read      596.8   812.9   173.5   234.2   254.7   502.3   620.3   692.3   753.1   828.2   916.8  1046.9  2415.0  8004.7 35643.5  29950.2    30000
read      632.4   887.7   173.5   238.1   262.8   539.5   659.9   729.4   784.8   854.3   941.4  1106.6  2489.8  9130.8 32489.0  34995.6    35000
read      666.3   870.1   173.5   246.5   275.1   578.6   704.9   773.0   823.4   886.6   977.8  1156.3  2575.0  9127.9 31868.7  39943.0    40000
read      679.0   844.1   173.5   247.7   281.9   594.1   727.3   797.4   851.2   918.3  1011.0  1201.7  2190.8  8580.2 31984.3  45067.2    45000
read      653.4   772.2   160.7   247.8   279.5   557.5   694.7   774.9   832.5   903.1  1000.3  1200.3  1981.1  8956.7 31550.2  50005.2    50000
read      711.8   781.4   173.5   261.3   304.3   625.1   768.7   844.9   900.0   968.4  1082.4  1367.9  1957.9  9260.9 31920.2  55058.8    55000
read     1238.1   942.9   187.4   809.6   861.3  1047.8  1135.2  1218.2  1516.1  1784.3  1937.0  2097.1  2508.8 12196.6 32227.4  54016.8    60000
read     1168.0   797.7   187.4   765.4   816.7   984.2  1067.9  1166.1  1500.2  1710.5  1834.5  1972.1  2453.0 10085.4 30897.4  57112.8    65000
read     1276.8  1073.4   187.4   827.1   885.8  1067.3  1151.2  1231.5  1498.7  1835.7  1983.1  2134.9  2725.7 15966.3 34229.0  52964.9    70000
read     1251.0   995.7   202.4   815.8   867.8  1044.7  1127.3  1212.7  1517.5  1793.4  1941.9  2094.5  2988.4 12301.5 35142.8  53751.6    75000
read     1106.8   767.6   187.4   703.5   752.3   923.0  1016.0  1204.5  1492.2  1615.9  1727.7  1859.2  2272.8  9649.1 30638.8  60172.8    80000
Warning! Detected max cpu usage > 95%
CPU Usage Stats (avg/min/max): 72.01%,2.04%,100.00%

Run3: 
ubuntu@client-measure-krjf:~/memcache-perf$ ./mcperf -s 100.96.2.3 -a 10.156.0.10 --noload -T 16 -C 4 -D 4 -Q 1000 -c 4 -w 2 -t 5 --scan 5000:80000:5000
#type       avg     std     min      p5     p10     p50     p67     p75     p80     p85     p90     p95     p99    p999   p9999     QPS   target
read      528.1  1202.2   187.4   270.9   305.1   420.5   463.1   487.4   504.2   527.2   555.7   620.1  3239.1 28356.3 32171.6   4976.8     5000
read      594.0  1170.2   173.5   244.9   271.5   483.2   559.5   598.7   627.5   663.3   714.1   819.3  4297.7 14818.9 37473.4   9976.4    10000
read      593.5   823.4   173.5   243.8   272.0   516.8   613.8   667.8   708.2   755.6   821.4   921.5  2930.9  8535.9 32393.2  15087.8    15000
read      601.8   853.2   173.5   238.1   263.9   521.2   625.0   686.4   735.4   793.9   864.6   977.1  2372.4 10351.8 32098.7  20005.2    20000
read      617.8   902.1   173.5   232.9   255.7   527.0   635.4   705.0   760.7   830.2   912.8  1040.3  2514.3  9542.6 32124.8  24973.6    25000
read      636.9   954.1   160.7   236.3   260.3   544.1   653.2   719.4   773.6   841.9   927.9  1073.5  2931.0  9738.5 36201.1  30174.6    30000
read      713.6   977.4   173.5   244.8   273.8   594.2   726.6   802.8   862.4   936.4  1038.4  1253.8  4452.2  9674.2 32090.2  35096.4    35000
read      676.1   979.2   173.5   244.3   272.3   567.2   698.0   770.2   823.6   891.2   985.6  1176.2  2845.0 10511.3 35284.0  39865.6    40000
read      704.7   984.1   173.5   248.3   280.3   586.9   725.6   801.2   859.3   929.8  1031.0  1269.7  3478.5 10042.8 33312.1  44972.0    45000
read      742.0   885.3   173.5   263.6   307.9   649.0   788.6   860.5   916.7   988.9  1100.4  1395.8  2228.3  9583.4 32099.9  49842.2    50000
read      789.9   794.1   173.5   286.1   344.5   708.7   840.5   912.7   969.6  1054.8  1221.3  1528.8  2074.9  9226.2 31853.0  54916.0    55000
read     1136.9   877.2   187.4   688.6   753.3   960.7  1060.8  1177.9  1441.5  1625.3  1765.6  1923.1  2428.1 11001.3 32248.7  57607.0    60000
read     1136.5   845.5   202.4   732.7   781.7   952.1  1033.3  1134.7  1473.4  1655.6  1776.9  1907.3  2387.1 10235.1 31998.2  58662.8    65000
read     1275.6   872.3   187.4   861.8   914.6  1086.7  1165.5  1240.2  1433.2  1878.1  2028.2  2166.7  2539.8 11983.8 31348.4  52546.4    70000
read     1186.2   950.8   187.4   755.8   810.8   992.4  1077.1  1167.4  1492.3  1701.4  1849.3  2000.0  2885.9 12197.9 32207.7  56654.0    75000
read     1180.9   953.4   173.5   756.7   809.9   977.1  1065.9  1171.2  1528.8  1699.8  1823.7  1974.7  3032.1 12207.6 32456.7  56802.4    80000
Warning! Detected max cpu usage > 95%
CPU Usage Stats (avg/min/max): 74.27%,0.51%,100.00%



Results using ibench-membw

Run1:

./mcperf -s 100.96.2.3 -a 10.156.0.10 --noload -T 16 -C 4 -D 4 -Q 1000 -c 4 -w 2 -t 5 --scan 5000:80000:5000
#type       avg     std     min      p5     p10     p50     p67     p75     p80     p85     p90     p95     p99    p999   p9999     QPS   target
read      545.5  1315.6   187.4   267.6   300.8   420.1   462.2   486.1   503.1   526.0   554.9   623.1  4009.3 29054.9 32345.9   4960.4     5000
read      563.6   997.7   173.5   244.0   275.2   491.4   565.4   604.5   632.1   666.0   709.1   801.4  2706.3  8134.0 36807.7  10032.4    10000
read      623.6  1113.2   173.5   235.1   262.2   526.4   625.4   677.7   715.3   763.5   850.1   959.7  3276.3 14531.8 36138.7  14955.6    15000
read      626.5   981.6   173.5   231.0   253.7   525.4   635.4   700.4   745.2   831.1   914.7  1021.0  3217.5  9314.2 32362.3  20033.4    20000
read      620.1   819.5   160.7   230.1   253.2   534.8   640.6   708.0   762.9   857.9   943.4  1056.8  2474.4  9013.8 31172.4  24833.4    25000
read      643.6   875.4   173.5   236.4   261.3   569.8   677.5   740.1   803.1   890.1   984.1  1103.6  2405.5  8504.8 32355.8  30012.0    30000
read      635.2   878.8   160.7   235.1   261.8   558.1   670.6   730.9   784.2   864.3   962.9  1091.2  2025.6  9084.9 31869.8  34968.4    35000
read      585.1   755.3   173.5   230.5   252.3   503.2   620.9   686.0   736.8   817.5   930.6  1075.6  1677.0  8043.4 31519.0  39869.0    40000
read      605.3   709.6   173.5   233.7   258.7   516.7   640.9   714.4   774.3   857.5   964.2  1126.9  1760.0  8365.0 30872.3  44912.6    45000
read      616.8   677.2   160.7   241.1   270.8   538.1   659.5   729.2   786.8   862.6   960.2  1111.1  1708.2  8243.2 30752.2  49835.0    50000
read      626.0   829.0   173.5   241.2   270.1   518.2   636.3   707.9   766.1   852.3   967.1  1165.0  2277.1  9309.0 31727.7  55094.6    55000
read      681.7   752.1   173.5   262.6   302.9   591.1   714.5   784.2   841.0   917.8  1039.0  1312.9  2003.2  9112.7 31166.3  59964.8    60000
read     1081.2   843.4   202.4   647.6   703.1   905.9  1011.2  1218.1  1419.2  1547.3  1664.3  1805.8  2419.0  9629.4 31694.6  60859.6    65000
read     1092.1   889.0   173.5   675.2   725.0   901.7   999.5  1175.5  1433.2  1563.4  1673.7  1808.9  2571.8 10109.5 31501.3  61007.6    70000
read     1083.2   875.7   173.5   666.2   716.8   893.5   990.9  1183.5  1439.9  1558.7  1663.5  1794.9  2562.0  9852.0 31958.2  61613.8    75000
read     1061.0   747.5   187.4   664.2   712.4   880.8   973.9  1180.1  1426.8  1545.2  1649.2  1767.5  2301.0  9885.3 29765.5  62700.4    80000
Warning! Detected max cpu usage > 95%
CPU Usage Stats (avg/min/max): 72.42%,1.01%,100.00%

Run2:ubuntu@client-measure-krjf:~/memcache-perf$ ./mcperf -s 100.96.2.3 -a 10.156.0.10 --noload -T 16 -C 4 -D 4 -Q 1000 -c 4 -w 2 -t 5 --scan 5000:80000:5000
#type       avg     std     min      p5     p10     p50     p67     p75     p80     p85     p90     p95     p99    p999   p9999     QPS   target
read      526.5  1209.0   173.5   264.6   298.0   417.4   459.2   482.9   499.9   521.2   548.1   613.7  3842.8 27902.4 36768.4   4987.0     5000
read      548.4   902.2   173.5   240.9   265.8   483.3   558.7   596.5   623.4   654.4   694.9   773.2  2623.7  8485.5 31877.0  10059.6    10000
read      577.4   870.0   173.5   238.1   265.0   512.4   610.6   663.3   701.5   745.9   806.8   899.3  1848.4  8042.5 38723.8  14962.0    15000
read      604.9   980.7   173.5   235.1   259.4   519.3   630.3   693.7   741.4   798.8   869.2   981.0  2414.0  8655.0 41603.7  20070.2    20000
read      589.9   740.7   160.7   230.2   252.8   525.2   631.5   696.5   747.9   811.4   887.1   996.4  1555.4  8991.5 31319.8  24997.4    25000
read      626.3   879.3   160.7   232.6   255.8   542.0   647.6   711.5   761.4   831.0   918.3  1052.3  2663.4  9193.7 34257.9  30002.2    30000
read      653.3  1018.3   160.7   237.4   262.6   557.7   675.4   739.2   790.8   855.3   942.4  1092.8  2779.8 10773.4 32428.4  35012.8    35000
read      647.4  1036.2   173.5   236.4   261.4   542.9   666.1   733.5   785.4   851.2   944.3  1115.0  2964.3 10317.7 37956.7  39932.8    40000
read      627.3   902.4   160.7   234.7   259.3   510.6   638.7   718.0   779.0   852.2   954.2  1151.4  3148.8  8319.2 32506.3  44925.0    45000
read      633.8   761.6   160.7   243.6   273.6   550.5   674.3   745.0   798.2   862.6   954.7  1134.1  1868.2  8664.8 31620.1  50023.8    50000
read      662.2   713.9   160.7   252.3   289.9   586.0   710.6   777.1   826.7   889.3   987.1  1212.7  1864.1  8421.1 30904.7  54889.8    55000
read      942.5   885.6   160.7   370.6   480.1   822.9   924.3  1012.7  1160.2  1380.9  1535.8  1695.6  2161.7  9216.7 31933.1  60043.8    60000
read     1158.0   879.9   187.4   734.2   790.3   968.3  1060.0  1183.2  1518.0  1685.1  1805.4  1939.8  2513.7  9868.3 32888.4  57481.0    65000
read     1069.0   920.8   173.5   651.3   700.1   867.0   975.2  1276.6  1436.4  1537.2  1631.5  1741.2  2502.9  9994.1 32477.0  62312.6    70000
read     1018.8   784.8   187.4   614.8   662.5   832.6   940.6  1257.2  1387.4  1473.1  1559.0  1670.9  2329.2  9311.0 31170.1  65212.6    75000
read     1046.1   807.0   187.4   650.9   697.5   859.3   953.7  1254.6  1425.0  1523.0  1609.4  1720.9  2197.9  9499.9 31960.3  63449.1    80000
Warning! Detected max cpu usage > 95%
CPU Usage Stats (avg/min/max): 77.77%,3.02%,100.00%


Run3:

ubuntu@client-measure-krjf:~/memcache-perf$ ./mcperf -s 100.96.2.3 -a 10.156.0.10 --noload -T 16 -C 4 -D 4 -Q 1000 -c 4 -w 2 -t 5 --scan 5000:80000:5000
#type       avg     std     min      p5     p10     p50     p67     p75     p80     p85     p90     p95     p99    p999   p9999     QPS   target
read      536.3  1255.5   187.4   264.5   298.4   419.0   461.8   486.7   504.2   528.5   560.1   627.2  3983.3 25804.4 36529.8   5003.0     5000
read      545.3   842.6   173.5   243.2   271.6   488.0   562.1   600.4   627.4   659.3   699.9   777.7  2005.2  8762.3 32317.7  10057.6    10000
read      584.6   832.8   173.5   235.9   259.7   506.9   606.4   660.7   700.6   746.4   805.5   898.1  3142.4  9349.9 31755.4  14935.0    15000
read      619.7   933.4   173.5   238.2   263.6   538.3   646.9   713.3   760.2   815.7   884.5   988.9  2257.6  9266.1 34012.6  19991.8    20000
read      621.9   941.6   173.5   231.9   256.0   539.8   647.0   714.1   765.9   829.5   907.7  1023.4  2450.1  8933.4 32289.0  25030.0    25000
read      624.1   969.5   173.5   232.2   255.5   534.1   646.1   712.8   763.3   830.4   919.6  1058.5  2488.8 10507.7 33989.5  30116.0    30000
read      597.3   846.9   160.7   231.7   253.6   503.8   624.3   692.9   748.5   823.1   918.3  1060.0  2139.4  8720.2 32116.0  34879.2    35000
read      566.2   726.3   160.7   229.3   250.1   465.6   588.6   664.1   725.1   799.2   888.7  1015.9  1863.2  8084.3 31563.4  39928.4    40000
read      551.9   611.4   160.7   232.1   254.0   475.9   596.5   665.1   717.0   781.4   866.3   998.3  1418.9  6640.0 30969.7  44971.0    45000
read      584.5   762.0   160.7   233.9   256.8   477.7   599.1   674.1   734.3   808.1   911.8  1076.6  2383.8  7988.4 31488.0  50150.0    50000
read      585.3   620.5   173.5   240.0   267.3   507.0   629.1   699.3   753.5   821.7   914.2  1067.3  1515.1  8029.3 28719.3  54769.8    55000
read      604.1   653.9   160.7   249.4   281.2   522.0   646.2   720.3   775.3   843.0   934.6  1097.8  1633.0  7867.4 30879.2  59946.4    60000
read      581.3   680.7   160.7   241.1   269.5   487.3   607.6   680.2   735.9   805.9   899.2  1067.4  1656.1  7734.2 31394.1  64837.6    65000
read      808.9   736.7   160.7   337.2   413.8   690.5   811.1   956.0  1077.8  1192.6  1292.8  1410.8  1970.0  8477.3 31580.7  69248.0    70000
read      725.4   703.9   160.7   320.1   378.1   619.0   756.4   866.9   943.3  1029.3  1124.8  1247.0  1766.7  7494.0 31369.1  74656.8    75000
read      790.9   586.0   173.5   411.0   467.9   668.7   889.2  1006.0  1067.1  1129.4  1196.9  1287.8  1569.0  7796.2 25395.2  78214.6    80000
Warning! Detected max cpu usage > 95%
CPU Usage Stats (avg/min/max): 75.71%,0.00%,100.00%
