run 1

ubuntu@client-measure-mmd1:~/memcache-perf-dynamic$ ./mcperf -s 10.156.15.213 -a 10.156.15.215 --noload -T 16 -C 4 -D 4 -Q 1000 -c 4 -t 5 --scan 5000:120000:5000
#type       avg     std     min      p5     p10     p50     p67     p75     p80     p85     p90     p95     p99    p999   p9999      QPS   target       ts_start         ts_end
read      267.0   373.6    86.8   143.6   157.2   235.8   276.6   296.9   311.7   329.4   354.6   400.5   543.8  6411.9 12827.5   4889.8     5000  1652258460533  1652258465892
read      256.5  1414.4    80.4   131.6   143.7   201.8   233.0   253.4   268.9   287.6   312.2   354.4   470.4  4184.0 63422.9   9836.9    10000  1652258467453  1652258472794
read      553.5  4533.3    80.4   126.5   137.7   189.4   216.7   234.7   250.5   269.8   295.4   343.4   538.7 62088.1 64723.3  14837.8    15000  1652258474345  1652258479639
read     2511.5 11503.1    80.4   130.6   142.9   199.0   226.5   244.8   260.5   282.6   319.7   454.8 60972.8 64626.7 64992.1  19419.8    20000  1652258481189  1652258486480
read     3037.4 12709.9    80.4   129.5   141.5   196.9   224.7   243.5   260.2   284.9   331.3   606.6 61938.6 64902.1 69697.3  20661.1    25000  1652258488036  1652258493330
read     3011.1 12663.7    80.4   127.0   138.9   193.4   220.4   238.2   254.1   277.3   319.1   570.0 61975.3 64828.0 70883.8  21015.5    30000  1652258494885  1652258500171
read     2903.2 12440.2    80.4   125.3   135.8   185.7   211.4   229.0   244.5   267.0   307.6   506.2 61174.0 64679.8 66756.9  21787.0    35000  1652258501730  1652258507012
read     2949.2 12530.2    80.4   126.9   138.1   189.6   215.9   233.3   249.0   270.9   311.0   512.1 61421.5 64705.3 68394.8  21446.5    40000  1652258508570  1652258513853
read     2922.8 12479.5    80.4   125.9   136.9   188.1   215.1   232.7   248.4   269.8   307.8   489.7 61090.9 64676.3 66681.3  21570.3    45000  1652258515410  1652258520695
read     2934.9 12496.0    80.4   127.7   138.2   187.7   213.9   231.3   247.0   269.8   312.4   530.5 61106.7 64625.1 64977.0  21627.6    50000  1652258522249  1652258527542
read     2945.4 12529.4    80.4   126.4   137.2   189.4   215.7   233.3   248.9   270.4   309.2   515.3 61579.7 64757.7 68279.0  21437.5    55000  1652258529098  1652258534382
read     2930.3 12492.5    80.4   125.5   136.3   186.8   214.4   232.7   249.3   272.7   316.7   523.0 61214.1 64674.1 65504.8  21559.5    60000  1652258535933  1652258541265
read     2948.4 12519.6    80.4   127.5   138.0   189.3   215.8   233.6   249.6   271.8   314.5   566.6 61255.9 64770.4 68815.1  21397.1    65000  1652258542789  1652258548356
read     2987.4 12609.1    80.4   128.5   139.3   191.3   218.0   236.0   252.4   275.0   319.1   533.4 61702.2 64730.1 66751.9  21190.4    70000  1652258549885  1652258555176
read     2924.2 12482.2    80.4   126.8   137.5   187.3   213.1   230.1   244.7   266.0   305.1   495.8 61229.0 64649.9 64992.0  21651.8    75000  1652258556729  1652258562004
read     2935.2 12506.2    80.4   127.3   138.1   188.0   214.4   232.0   247.7   269.2   308.2   507.7 61292.2 64668.6 65006.3  21449.0    80000  1652258563565  1652258568840
read     3008.5 12659.1    80.4   128.5   140.0   193.9   221.2   239.1   254.8   276.6   316.7   544.8 61803.4 64881.1 69647.6  20961.0    85000  1652258570400  1652258575678
read     2992.6 12627.2    80.4   127.8   138.9   191.6   218.6   236.2   252.0   273.6   314.5   554.4 61702.0 64771.2 68372.2  21166.2    90000  1652258577233  1652258582534
read     2945.3 12528.4    80.4   126.0   137.3   189.5   216.2   233.6   249.3   271.4   310.4   507.9 61734.7 64755.0 69302.4  21422.7    95000  1652258584090  1652258589372
read     2913.5 12459.6    80.4   127.5   137.9   187.7   213.7   230.6   245.1   265.9   302.7   495.2 60723.9 64594.0 64981.0  21671.3   100000  1652258590929  1652258596206
read     2949.4 12531.9    74.4   126.5   137.5   189.2   215.8   233.2   249.3   271.6   313.0   540.1 61190.7 64711.8 67877.6  21419.3   105000  1652258597766  1652258603069
read     2928.7 12489.3    80.4   127.7   138.6   188.9   214.9   231.9   247.1   268.8   309.2   502.5 61183.7 64710.8 68432.4  21491.0   110000  1652258604625  1652258609897
read     2939.2 12514.5    80.4   127.7   138.2   187.3   214.1   231.8   247.4   270.0   311.7   529.4 61200.6 64821.4 69532.1  21548.8   115000  1652258611461  1652258616760
read     2885.7 12408.0    80.4   125.4   135.8   184.7   210.5   227.8   242.6   264.6   302.8   479.3 61459.1 64759.3 68960.1  21844.6   120000  1652258618301  1652258623584
Warning! Detected max cpu usage > 95%
CPU Usage Stats (avg/min/max): 86.47%,69.50%,100.00%

run 2

ubuntu@client-measure-mmd1:~/memcache-perf-dynamic$ ./mcperf -s 10.156.15.213 -a 10.156.15.215 --noload -T 16 -C 4 -D 4 -Q 1000 -c 4 -t 5 --scan 5000:120000:5000
#type       avg     std     min      p5     p10     p50     p67     p75     p80     p85     p90     p95     p99    p999   p9999      QPS   target       ts_start         ts_end
read      268.9   456.4    86.8   140.9   154.6   231.3   267.7   287.0   300.4   317.2   341.6   393.2   582.0  7817.0 15390.2   4885.4     5000  1652260770253  1652260775624
read      246.6  1034.5    80.4   133.2   145.0   203.9   235.0   255.3   270.9   289.7   313.9   359.3   514.0  4384.9 61049.2   9787.6    10000  1652260777266  1652260782605
read      566.8  4620.8    80.4   127.8   138.8   192.0   218.7   235.8   250.3   267.6   291.0   336.0   541.8 62146.2 64914.3  14802.5    15000  1652260784157  1652260789461
read     1882.0  9884.2    80.4   127.5   137.8   186.8   212.4   229.0   242.8   262.2   292.6   372.7 59649.3 64578.5 69058.7  19690.4    20000  1652260791013  1652260796312
read     2896.4 12414.1    80.4   127.4   138.0   188.7   215.1   232.5   247.5   268.5   306.2   501.9 61129.3 64653.4 65005.8  21513.4    25000  1652260797870  1652260803170
read     2936.4 12506.0    80.4   127.0   137.9   188.8   215.2   232.8   248.5   270.2   309.9   509.7 61489.4 64784.7 68804.7  21693.6    30000  1652260804729  1652260810007
read     2905.1 12439.6    80.4   126.1   137.0   187.3   213.9   231.5   246.8   268.7   308.3   506.4 60929.8 64627.7 64997.5  21775.5    35000  1652260811569  1652260816856
read     2966.6 12566.2    80.4   128.6   139.3   191.5   218.4   235.9   252.1   274.4   318.0   534.5 61529.5 64776.4 68667.5  21261.3    40000  1652260818416  1652260823699
read     2913.8 12465.0    74.4   126.0   136.9   187.6   213.6   230.6   245.5   267.1   304.7   484.6 61477.0 64697.5 65479.9  21699.1    45000  1652260825257  1652260830557
read     2934.4 12504.0    74.4   126.3   137.3   189.3   216.0   233.6   249.1   270.1   307.6   505.9 61462.7 64808.8 69042.0  21463.9    50000  1652260832109  1652260837422
read     2879.0 12390.0    80.4   125.0   135.8   185.8   211.5   228.5   242.8   264.0   300.6   483.8 61371.0 64663.5 64992.8  22074.7    55000  1652260838973  1652260844254
read     2896.5 12424.0    80.4   125.7   136.3   185.3   212.1   229.7   244.7   266.8   306.5   500.1 61178.7 64657.7 65005.6  21746.4    60000  1652260845817  1652260851125
read     2849.8 12332.4    80.4   123.4   133.7   183.2   209.4   226.6   240.7   261.9   297.7   460.4 61157.1 64897.5 72467.8  22349.2    65000  1652260852681  1652260857968
read     2952.9 12534.8    80.4   127.7   138.3   191.2   218.2   236.0   252.4   275.2   316.8   531.9 61260.5 64669.0 65009.8  21400.6    70000  1652260859525  1652260864809
read     2870.5 12367.9    80.4   125.2   135.8   184.8   210.6   227.9   242.3   263.3   299.6   479.6 60661.0 64598.3 64992.0  22035.5    75000  1652260866365  1652260871648
read     2930.9 12495.0    80.4   127.9   138.7   188.7   214.9   232.4   248.0   269.7   308.3   497.1 61578.5 64706.9 65512.2  21617.0    80000  1652260873209  1652260878487
read     2943.4 12529.9    74.4   126.8   137.3   188.3   214.9   232.6   248.2   270.2   311.8   532.1 61737.0 64898.6 69695.9  21443.5    85000  1652260880046  1652260885341
read     2902.1 12437.4    80.4   125.5   136.2   186.5   212.6   229.4   243.9   265.3   304.2   499.7 61295.0 64797.1 69392.2  21884.1    90000  1652260886897  1652260892187
read     2924.5 12487.4    80.4   127.7   138.5   188.7   214.5   231.2   245.6   265.9   301.1   482.7 61366.3 64806.0 69972.9  21553.0    95000  1652260893741  1652260899017
read     2866.3 12364.2    80.4   126.0   136.3   184.5   209.7   226.1   239.3   258.9   293.9   461.5 61172.5 64698.3 67463.2  22021.3   100000  1652260900576  1652260905881
read     2869.5 12370.1    80.4   125.0   135.5   184.4   209.7   226.4   240.0   261.0   297.5   491.4 61201.0 64789.8 69378.7  22065.8   105000  1652260907412  1652260912713
read     2921.3 12478.4    80.4   126.9   137.6   187.5   213.7   230.7   245.2   265.8   302.3   505.9 61272.2 64682.4 65934.4  21589.6   110000  1652260914257  1652260919531
read     2900.7 12431.0    80.4   127.0   137.1   185.6   211.3   228.6   243.3   264.9   304.0   505.9 60919.7 64664.3 66849.9  21829.0   115000  1652260921092  1652260926382
read     2907.2 12446.1    80.4   126.1   136.7   185.9   211.8   229.4   244.6   266.7   308.0   518.5 61020.3 64656.3 65689.6  21768.3   120000  1652260927936  1652260933225
Warning! Detected max cpu usage > 95%
CPU Usage Stats (avg/min/max): 86.30%,60.20%,100.00%

run 3

ubuntu@client-measure-mmd1:~/memcache-perf-dynamic$ ./mcperf -s 10.156.15.213 -a 10.156.15.215 --noload -T 16 -C 4 -D 4 -Q 1000 -c 4 -t 5 --scan 5000:120000:5000
#type       avg     std     min      p5     p10     p50     p67     p75     p80     p85     p90     p95     p99    p999   p9999      QPS   target       ts_start         ts_end
read      279.8   397.6    80.4   146.3   161.8   244.0   282.1   301.9   316.2   335.9   364.5   419.2   599.1  6281.1 13789.5   4926.6     5000  1652260978008  1652260983383
read      287.8  1679.8    80.4   133.6   147.3   211.4   244.7   266.0   281.8   301.4   329.5   378.6   548.7 12122.2 63422.4   9824.9    10000  1652260984932  1652260990254
read      591.8  4738.4    86.8   127.7   138.4   192.0   220.2   238.2   253.1   271.8   296.8   346.2   624.8 62022.8 64716.8  14806.0    15000  1652260991804  1652260997140
read     1915.7  9979.1    80.4   127.3   137.6   186.8   212.6   229.3   243.0   262.1   292.6   373.3 59635.5 64365.0 64956.9  19666.1    20000  1652260998681  1652261003979
read     2860.0 12343.4    80.4   127.7   137.9   186.7   212.5   229.4   243.8   264.7   302.0   466.8 61292.9 64693.4 66654.5  21779.1    25000  1652261005528  1652261010831
read     2840.0 12306.2    74.4   123.6   133.9   182.7   208.4   225.9   240.5   262.2   299.2   469.2 60395.3 64648.9 67885.7  22183.1    30000  1652261012384  1652261017684
read     2833.7 12291.0    80.4   123.6   133.7   181.5   207.1   224.4   238.0   259.3   295.8   462.2 61242.5 64700.3 68816.3  22321.8    35000  1652261019243  1652261024520
read     2852.0 12334.5    80.4   124.8   135.1   182.7   207.9   224.9   238.6   259.5   295.2   483.1 60804.5 64674.7 67695.3  22098.5    40000  1652261026080  1652261031357
read     2834.1 12303.1    80.4   124.1   134.4   182.7   207.9   224.5   237.6   257.2   290.6   449.7 61170.5 66492.9 74138.0  22296.7    45000  1652261032917  1652261038205
read     2871.7 12375.1    80.4   125.1   135.5   184.9   210.7   227.5   241.5   262.3   298.4   479.6 61007.6 64767.7 69317.2  22027.0    50000  1652261039757  1652261045052
read     2870.1 12377.3    80.4   126.6   136.3   183.6   209.1   226.4   240.8   262.2   299.5   498.6 61564.7 65002.2 70054.3  22043.0    55000  1652261046608  1652261051901
read     2916.5 12472.1    80.4   125.7   136.2   187.2   214.1   231.6   246.7   268.1   305.8   500.5 61408.5 64854.1 69315.6  21647.9    60000  1652261053460  1652261058745
read     2852.4 12332.6    80.4   123.6   134.0   182.4   207.6   224.6   238.3   259.1   296.4   487.4 60653.5 64611.7 65007.6  22206.7    65000  1652261060293  1652261065573
read     2861.8 12356.1    80.4   123.7   134.0   182.7   208.3   225.5   239.8   261.0   300.1   480.2 61277.1 64820.7 69184.7  22189.8    70000  1652261067128  1652261072412
read     2914.6 12463.1    80.4   127.6   137.9   186.8   212.6   229.5   243.8   264.6   301.9   496.4 61122.3 64652.5 65005.6  21640.8    75000  1652261073968  1652261079235
read     2876.5 12383.9    80.4   125.7   136.0   184.9   210.8   227.9   242.2   263.1   298.3   486.1 61208.6 64737.2 68415.2  21993.3    80000  1652261080805  1652261086090
read     2874.0 12378.1    80.4   125.3   135.6   184.4   210.2   227.2   241.4   262.1   296.2   480.7 60784.6 64592.9 64973.8  22021.0    85000  1652261087641  1652261092930
read     2862.9 12359.7    74.4   125.4   136.2   184.9   210.0   226.5   239.7   258.9   292.1   454.2 61086.7 64825.1 69557.1  22029.8    90000  1652261094485  1652261099764
read     2946.9 12532.0    80.4   127.8   138.7   189.9   216.4   233.9   249.8   271.2   311.3   535.8 61680.3 64834.6 69482.1  21569.9    95000  1652261101321  1652261106613
read     2932.4 12499.2    80.4   127.6   137.9   187.5   214.4   232.2   248.2   270.6   312.6   527.9 61548.4 64739.7 69280.4  21608.7   100000  1652261108157  1652261113434
read     2931.5 12492.2    80.4   127.0   137.3   187.3   214.0   231.9   247.9   270.9   313.3   536.5 61364.4 64653.9 64982.9  21684.1   105000  1652261114992  1652261120276
read     2857.1 12349.3    80.4   124.5   134.8   182.5   208.3   226.1   241.2   263.5   303.9   485.5 60889.6 64738.0 69844.3  22096.9   110000  1652261121829  1652261127127
read     2909.2 12450.4    80.4   125.0   135.3   184.5   211.4   230.2   247.0   271.1   317.3   541.9 61680.3 64764.2 68253.5  21778.3   115000  1652261128681  1652261133958
read     2954.2 12541.5    74.4   128.6   139.2   189.9   216.6   234.1   249.9   272.2   314.4   519.7 61413.0 64704.5 66707.0  21448.0   120000  1652261135520  1652261140800
Warning! Detected max cpu usage > 95%
CPU Usage Stats (avg/min/max): 85.57%,42.79%,100.00%

