run 1

ubuntu@client-measure-mmd1:~/memcache-perf-dynamic$ ./mcperf -s 10.156.15.213 -a 10.156.15.215 --noload -T 16 -C 4 -D 4 -Q 1000 -c 4 -t 5 --scan 5000:120000:5000
#type       avg     std     min      p5     p10     p50     p67     p75     p80     p85     p90     p95     p99    p999   p9999      QPS   target       ts_start         ts_end
read      273.4   618.4    86.8   144.1   157.6   234.1   273.5   293.9   308.5   325.4   352.1   401.8   587.9  7801.0 16987.8   4862.4     5000  1652258959441  1652258964780
read      261.9  1525.1    74.4   129.8   141.6   201.1   233.4   255.0   271.8   291.8   316.9   361.8   488.5  4863.1 63420.4   9850.3    10000  1652258966345  1652258971672
read      651.0  5112.7    80.4   127.6   138.5   191.9   220.4   239.0   254.8   275.7   304.3   354.5   618.8 63024.3 64973.6  14796.7    15000  1652258973218  1652258978520
read     1886.7  9911.4    86.8   127.2   137.5   185.1   210.1   226.8   240.7   261.1   293.0   381.6 59906.2 64561.3 67512.8  19695.8    20000  1652258980064  1652258985349
read     2920.1 12471.6    80.4   128.7   139.0   187.8   214.3   231.8   248.1   271.2   313.1   521.6 61923.8 64802.7 68655.1  21475.9    25000  1652258986905  1652258992199
read     2947.7 12530.4    80.4   129.8   140.2   189.5   215.1   231.9   246.9   268.3   307.2   502.7 61607.1 64769.0 68956.2  21417.6    30000  1652258993757  1652258999056
read     2946.5 12523.1    80.4   126.2   137.0   188.7   215.6   233.8   250.5   273.6   316.1   545.0 61442.4 64673.6 64996.8  21437.2    35000  1652259000613  1652259005899
read     2972.3 12577.2    80.4   127.5   138.3   189.8   217.2   235.9   253.4   278.3   324.7   562.0 61856.6 64810.4 68824.3  21244.0    40000  1652259007469  1652259012768
read     2947.1 12527.1    80.4   128.5   139.1   190.1   216.8   234.4   250.7   273.0   314.0   508.6 61574.2 64706.7 65540.5  21453.0    45000  1652259014326  1652259019601
read     2916.3 12464.7    80.4   126.5   137.0   186.3   212.9   230.8   246.8   269.6   311.9   513.3 61087.8 64649.3 65005.5  21704.6    50000  1652259021165  1652259026446
read     2900.5 12435.5    80.4   125.6   136.4   186.3   212.8   230.2   245.6   268.0   308.5   500.2 61692.5 64832.8 69868.1  21683.5    55000  1652259027997  1652259033277
read     2889.2 12403.5    80.4   127.3   137.8   186.1   212.2   229.4   244.4   266.4   304.7   488.6 61389.3 64847.7 69291.6  21957.5    60000  1652259034837  1652259040113
read     2929.9 12488.8    80.4   128.4   139.0   187.9   213.9   231.4   247.3   270.4   313.4   523.9 61405.6 64667.1 64993.2  21526.2    65000  1652259041677  1652259046952
read     2874.7 12379.6    80.4   125.3   135.5   183.6   209.4   227.2   242.6   265.8   306.9   501.5 60998.4 64640.7 65004.9  21930.1    70000  1652259048513  1652259053793
read     2979.5 12593.4    80.4   127.7   138.5   189.7   217.0   235.3   252.8   278.5   326.9   558.0 61750.2 64780.1 68477.8  21284.2    75000  1652259055345  1652259060617
read     2913.6 12459.6    80.4   125.1   135.9   185.7   213.0   231.3   247.6   270.7   314.1   521.7 61336.4 64660.3 64992.7  21718.6    80000  1652259062177  1652259067472
read     2899.7 12434.9    74.4   126.9   137.3   185.1   211.2   228.6   243.7   266.5   308.0   504.5 61718.8 64910.3 69720.7  21808.6    85000  1652259069017  1652259074297
read     2894.8 12412.9    74.4   125.9   136.6   185.4   211.6   229.8   246.0   269.3   312.2   507.9 61190.5 64671.5 65448.4  21829.2    90000  1652259075861  1652259081151
read     2936.9 12508.8    80.4   129.3   139.9   189.9   215.8   233.0   248.3   270.0   310.9   500.7 61534.9 64800.8 69330.5  21496.1    95000  1652259082713  1652259087989
read     2929.8 12494.1    74.4   127.5   138.1   186.7   213.3   231.0   247.1   270.1   313.1   536.7 61657.9 64959.5 70742.9  21553.1   100000  1652259089549  1652259094823
read     2934.7 12503.4    74.4   129.3   139.7   188.9   214.9   232.0   247.1   268.2   307.4   500.3 61293.8 64684.5 65876.2  21498.4   105000  1652259096385  1652259101672
read     3011.5 12654.2    80.4   130.2   141.5   194.3   221.2   239.0   254.7   277.4   322.0   579.6 61671.5 64739.7 67468.9  20967.8   110000  1652259103229  1652259108500
read     3038.4 12709.3    80.4   131.8   143.7   196.7   223.6   241.7   257.2   280.9   323.6   635.0 61827.8 64753.0 67486.5  20838.5   115000  1652259110065  1652259115347
read     3007.4 12647.7    80.4   130.5   142.1   194.5   221.2   239.0   255.1   279.3   322.1   547.9 61876.5 64748.2 67581.8  21174.8   120000  1652259116901  1652259122181
Warning! Detected max cpu usage > 95%
CPU Usage Stats (avg/min/max): 84.25%,37.00%,100.00%


run 2

ubuntu@client-measure-mmd1:~/memcache-perf-dynamic$ ./mcperf -s 10.156.15.213 -a 10.156.15.215 --noload -T 16 -C 4 -D 4 -Q 1000 -c 4 -t 5 --scan 5000:120000:5000
#type       avg     std     min      p5     p10     p50     p67     p75     p80     p85     p90     p95     p99    p999   p9999      QPS   target       ts_start         ts_end
read      264.0   827.3    86.8   140.5   154.0   228.7   265.7   285.5   298.9   316.4   340.8   384.5   513.7  5218.5 58148.4   4916.3     5000  1652259880591  1652259885980
read      258.4  1343.4    86.8   130.2   142.5   202.5   234.4   254.9   271.3   290.9   316.3   362.6   488.5  7394.4 62365.9   9832.5    10000  1652259887520  1652259892850
read      593.7  4773.1    74.4   127.8   139.0   191.4   217.6   234.5   248.9   266.8   291.0   336.7   547.6 62370.9 64751.6  14817.1    15000  1652259894409  1652259899698
read     2046.3 10330.8    80.4   127.1   137.9   189.2   215.6   232.8   248.0   268.5   301.5   399.5 59872.9 64451.5 64970.2  19526.6    20000  1652259901253  1652259906541
read     2849.6 12325.9    80.4   125.0   135.5   185.3   211.2   228.7   243.6   265.4   304.9   481.3 61416.7 64722.3 69785.2  21869.2    25000  1652259908098  1652259913382
read     2872.1 12375.0    80.4   123.8   134.6   184.6   210.5   227.5   241.8   263.3   300.8   487.1 61078.3 64727.8 69551.6  22143.7    30000  1652259914945  1652259920221
read     2870.8 12369.1    80.4   124.1   134.6   184.5   210.4   227.6   241.9   263.3   301.3   492.6 60560.1 64570.5 64971.5  21928.2    35000  1652259921781  1652259927082
read     2875.0 12381.9    80.4   125.1   135.5   184.9   211.5   229.2   244.2   266.1   306.2   480.1 61244.0 64740.0 68420.0  21900.0    40000  1652259928641  1652259933919
read     2922.3 12478.7    80.4   125.8   137.0   187.8   214.8   232.3   247.6   268.9   307.7   507.4 61461.9 64834.2 69904.8  21663.7    45000  1652259935480  1652259940781
read     2883.7 12396.5    74.4   125.6   136.2   184.6   210.0   226.9   241.0   262.6   301.1   484.4 61047.3 64632.1 64990.6  21935.9    50000  1652259942340  1652259947636
read     2900.5 12433.8    80.4   125.2   136.0   186.8   213.3   230.7   245.7   267.1   306.2   491.6 60962.9 64678.6 67370.3  21726.8    55000  1652259949184  1652259954457
read     2904.2 12440.8    80.4   126.0   136.3   185.8   212.3   230.0   245.2   267.1   306.9   487.8 60956.0 64660.8 66417.7  21672.1    60000  1652259956020  1652259961300
read     2823.2 12276.2    80.4   121.2   131.6   181.3   207.6   225.5   240.3   262.6   301.2   467.2 60958.5 64805.6 69874.7  22250.4    65000  1652259962856  1652259968152
read     2888.4 12418.3    74.4   123.9   134.8   184.6   210.8   228.1   242.9   265.2   305.1   493.8 61814.9 64927.7 70005.4  21956.0    70000  1652259969705  1652259974986
read     2843.2 12318.7    74.4   123.0   133.4   181.7   206.7   223.6   237.1   258.3   296.4   466.5 60303.6 64544.8 64969.0  22217.5    75000  1652259976541  1652259981819
read     2878.1 12391.9    74.4   124.3   134.6   183.2   209.2   227.4   242.7   265.3   307.3   500.8 61306.5 64760.8 68664.6  21881.4    80000  1652259983376  1652259988657
read     2874.5 12378.6    80.4   123.7   134.4   184.1   210.3   228.1   243.6   266.1   307.2   490.9 60850.3 64626.8 65004.5  21953.9    85000  1652259990208  1652259995485
read     2924.3 12482.0    80.4   127.6   138.0   187.6   213.5   230.7   245.8   267.7   307.6   499.4 61309.1 64670.0 65006.1  21602.6    90000  1652259997044  1652260002327
read     2886.3 12404.8    80.4   123.3   134.2   184.8   211.4   229.3   244.6   266.7   306.0   495.4 61146.6 64654.6 65005.4  21927.1    95000  1652260003885  1652260009163
read     2901.8 12438.5    74.4   125.7   136.3   186.3   212.7   230.3   245.6   267.6   305.8   490.6 61663.4 64783.4 68635.5  21750.2   100000  1652260010729  1652260016002
read     2918.9 12475.1    80.4   124.2   135.5   187.3   214.7   232.9   249.2   271.8   314.0   501.1 61753.8 64836.7 69872.5  21593.4   105000  1652260017564  1652260022847
read     2894.6 12423.1    74.4   125.7   136.4   185.6   211.8   229.3   244.3   266.9   306.9   500.0 61740.8 64823.3 69392.2  21960.9   110000  1652260024400  1652260029688
read     2935.8 12509.8    80.4   124.9   136.3   188.0   215.4   233.3   250.0   272.8   315.1   524.7 61642.1 64750.4 68084.3  21459.7   115000  1652260031240  1652260036532
read     2908.5 12455.9    74.4   125.2   135.9   185.9   212.1   229.8   244.9   266.1   303.1   494.5 61734.0 64765.4 68184.2  21721.0   120000  1652260038080  1652260043367
Warning! Detected max cpu usage > 95%
CPU Usage Stats (avg/min/max): 85.55%,42.21%,100.00%



run 3

ubuntu@client-measure-mmd1:~/memcache-perf-dynamic$ ./mcperf -s 10.156.15.213 -a 10.156.15.215 --noload -T 16 -C 4 -D 4 -Q 1000 -c 4 -t 5 --scan 5000:120000:5000
#type       avg     std     min      p5     p10     p50     p67     p75     p80     p85     p90     p95     p99    p999   p9999      QPS   target       ts_start         ts_end
read      297.0  1027.1    86.8   144.5   159.0   239.9   280.9   300.9   316.1   335.4   363.0   413.4   639.6  8824.7 62041.5   4907.6     5000  1652260155335  1652260160689
read      271.6  1596.1    80.4   130.4   142.6   202.6   235.5   257.9   274.4   293.6   318.1   360.9   491.6  7855.8 63427.8   9818.0    10000  1652260162256  1652260167596
read      566.1  4599.3    80.4   128.1   138.6   190.6   217.9   235.7   251.7   271.1   296.2   344.1   549.0 61638.3 64850.0  14860.7    15000  1652260169157  1652260174445
read     1947.6 10070.3    80.4   127.3   137.9   187.4   213.0   229.4   243.1   262.2   291.6   373.4 59619.5 64386.3 64996.2  19677.2    20000  1652260176004  1652260181320
read     2901.5 12431.9    80.4   127.0   137.7   187.2   214.0   231.8   247.4   269.1   307.3   505.0 61001.0 64668.5 66682.8  21590.1    25000  1652260182873  1652260188177
read     2851.7 12331.6    80.4   123.8   134.0   182.8   208.5   225.8   240.0   261.7   298.7   481.6 60950.0 64703.6 68143.8  22170.9    30000  1652260189728  1652260195016
read     2977.0 12584.2    80.4   128.1   139.7   192.6   218.9   236.3   252.2   273.3   313.5   555.8 61634.0 64677.9 64982.3  21221.5    35000  1652260196577  1652260201856
read     2942.8 12524.6    74.4   126.0   137.2   189.3   216.1   233.8   249.5   270.9   309.4   503.9 61970.6 64827.6 69329.3  21515.1    40000  1652260203421  1652260208697
read     2887.8 12405.7    80.4   124.7   135.6   185.8   212.2   229.6   244.7   266.2   302.4   486.6 61742.8 64721.1 65434.1  21929.3    45000  1652260210257  1652260215542
read     2927.5 12481.4    80.4   127.5   137.7   187.3   213.9   231.4   246.8   269.3   310.7   513.4 61908.0 64715.6 64996.3  21580.2    50000  1652260217105  1652260222417
read     2905.7 12444.4    80.4   125.9   136.6   185.9   212.1   229.5   244.6   266.4   305.1   493.4 61931.6 64748.7 67193.1  21806.6    55000  1652260223973  1652260229254
read     2910.4 12453.5    80.4   125.8   136.4   185.7   211.5   229.0   244.0   265.3   303.7   499.0 62175.6 64769.9 66650.9  21749.5    60000  1652260230813  1652260236099
read     2873.8 12385.8    80.4   123.9   134.5   183.3   208.7   226.3   241.0   262.7   299.9   471.4 62091.6 64842.8 69816.5  22035.4    65000  1652260237657  1652260242935
read     2937.2 12513.6    74.4   127.9   138.4   188.3   214.3   231.5   246.8   268.0   307.3   515.4 62374.0 64833.7 68653.8  21534.3    70000  1652260244501  1652260249791
read     2942.1 12525.3    74.4   127.9   138.6   188.1   213.8   230.8   245.6   266.9   304.3   494.5 62222.1 64755.4 65008.7  21467.5    75000  1652260251343  1652260256613
read     2942.3 12520.7    80.4   125.9   136.5   186.7   214.0   232.0   248.1   271.2   315.5   537.2 62273.7 64760.2 65008.9  21410.6    80000  1652260258180  1652260263480
read     2931.4 12496.1    80.4   127.3   137.7   187.8   214.3   231.8   247.4   269.4   309.0   514.7 62333.8 64802.4 68431.6  21645.5    85000  1652260265025  1652260270312
read     2943.3 12523.5    80.4   127.5   138.2   188.8   215.0   232.4   247.8   269.1   308.6   503.1 62268.1 64759.7 65008.9  21445.0    90000  1652260271865  1652260277158
read     2925.9 12493.5    80.4   125.5   136.0   186.8   213.6   231.5   247.5   269.5   309.0   519.2 62102.9 64804.2 69592.9  21565.1    95000  1652260278709  1652260284013
read     2899.1 12434.1    80.4   125.1   135.6   185.3   212.0   230.1   245.6   267.7   307.8   506.2 61773.0 64713.2 65007.2  21707.8   100000  1652260285564  1652260290844
read     2938.2 12517.3    80.4   126.5   137.5   188.5   215.9   234.2   251.1   274.1   317.2   524.5 61897.9 64883.6 69712.7  21567.8   105000  1652260292406  1652260297711
read     2920.0 12478.2    80.4   127.2   137.6   185.8   212.0   229.7   245.0   266.7   305.5   493.4 61506.3 64676.7 64993.8  21643.8   110000  1652260299256  1652260304530
read     2893.1 12420.4    80.4   124.8   135.3   184.7   210.9   228.6   243.9   266.0   306.8   507.3 61378.1 64670.3 64999.5  21815.3   115000  1652260306093  1652260311376
read     2760.6 12147.2    74.4   118.3   128.4   176.3   201.8   220.0   234.5   255.9   292.4   441.8 60557.7 64626.8 66958.4  22809.8   120000  1652260312933  1652260318205
Warning! Detected max cpu usage > 95%
CPU Usage Stats (avg/min/max): 86.20%,51.76%,100.00%
