run 1

ubuntu@client-measure-mmd1:~/memcache-perf-dynamic$ ./mcperf -s 10.156.15.213 -a 10.156.15.215 --noload -T 16 -C 4 -D 4 -Q 1000 -c 4 -t 5 --scan 5000:120000:5000
#type       avg     std     min      p5     p10     p50     p67     p75     p80     p85     p90     p95     p99    p999   p9999      QPS   target       ts_start         ts_end
read      310.2   456.1    93.8   158.3   175.1   275.8   311.5   329.2   341.7   359.1   383.8   433.8   675.3  7841.5 14233.0   4982.4     5000  1652259158743  1652259164092
read      273.4   592.9    86.8   146.0   159.9   235.3   279.3   303.5   318.9   337.2   361.1   406.3   570.8  6290.6 29872.6   9908.8    10000  1652259165625  1652259170955
read      248.9   567.3    86.8   140.2   152.7   217.2   251.6   274.2   291.3   310.8   335.4   375.5   499.2  3353.1 30257.8  15004.2    15000  1652259172482  1652259177802
read      268.3  1032.6    86.8   139.7   151.6   210.8   241.4   261.8   277.5   297.4   322.5   364.6   489.9 28262.6 31118.2  19752.9    20000  1652259179305  1652259184614
read      379.9  2072.7    80.4   138.3   150.2   207.9   235.3   254.2   270.0   289.9   316.6   363.0   548.2 29815.9 32030.1  24836.6    25000  1652259186122  1652259191456
read      591.5  3236.4    80.4   137.1   148.9   203.5   229.7   246.5   260.2   277.6   303.6   355.7 28381.5 30046.6 32280.0  29768.9    30000  1652259192961  1652259198247
read     1035.4  4724.1    80.4   135.9   147.5   201.0   227.1   244.0   257.9   276.4   308.1   394.4 29382.0 30547.4 32518.5  34881.9    35000  1652259199782  1652259205075
read     1490.8  5849.9    80.4   135.9   147.5   201.1   227.5   244.8   259.5   280.5   318.5   522.6 29674.1 31120.4 32445.0  38975.8    40000  1652259206583  1652259211881
read     1604.3  6086.7    80.4   136.5   148.6   202.5   228.7   246.2   261.1   282.5   323.9  4178.8 29754.3 31806.9 36393.1  39413.4    45000  1652259213396  1652259218671
read     1585.4  6047.6    80.4   134.0   145.8   199.4   225.6   242.4   256.8   277.6   318.9  1010.4 29715.7 31276.1 32416.4  40020.5    50000  1652259220183  1652259225461
read     1579.8  6042.8    80.4   135.0   146.6   198.7   223.9   240.2   254.3   274.6   315.2  1076.5 29732.1 31650.6 36376.8  40310.1    55000  1652259226988  1652259232305
read     1579.6  6042.7    86.8   134.5   146.0   199.0   224.6   240.9   254.5   274.7   313.2   867.8 29706.9 31181.7 36250.8  40281.0    60000  1652259233809  1652259239106
read     1567.3  6021.7    80.4   133.5   144.7   197.2   222.5   238.6   253.0   273.2   312.4   688.4 29708.2 31398.0 38291.8  40828.2    65000  1652259240632  1652259245910
read     1605.0  6100.0    80.4   137.3   149.1   202.4   228.3   244.9   258.9   279.2   317.4  5352.2 29795.5 32349.5 40647.2  39778.8    70000  1652259247431  1652259252717
read     1600.0  6083.6    86.8   134.5   146.6   201.5   228.0   245.0   259.1   278.8   316.9  3153.2 29752.8 31750.1 35138.9  39882.6    75000  1652259254248  1652259259523
read     1602.4  6082.8    80.4   136.3   147.9   202.0   227.7   244.2   257.9   277.0   313.1  4002.9 29696.8 30349.7 32420.9  39928.1    80000  1652259261047  1652259266334
read     1577.5  6047.3    80.4   133.9   145.2   198.6   224.4   240.8   254.7   274.8   314.0   978.4 29804.0 32162.3 37637.2  40314.4    85000  1652259267853  1652259273165
read     1582.3  6057.4    80.4   135.1   146.8   199.6   225.0   241.0   254.5   274.3   312.8  1065.4 29784.9 32079.9 37552.3  40235.3    90000  1652259274669  1652259279955
read     1608.5  6089.8    86.8   135.8   147.6   201.3   227.5   244.4   258.8   279.9   319.9 10958.4 29679.9 30091.4 32025.0  39786.7    95000  1652259281474  1652259286783
read     1588.6  6060.5    80.4   134.6   146.1   199.4   225.0   241.7   255.9   276.7   316.8  1357.6 29707.9 31158.6 38668.1  40219.2   100000  1652259288286  1652259293567
read     1600.3  6077.3    74.4   136.8   148.2   201.5   227.4   244.3   258.7   279.0   317.8  4192.9 29711.9 31158.6 35136.7  39655.8   105000  1652259295085  1652259300389
read     1626.6  6132.1    80.4   138.0   149.5   204.8   231.3   249.2   264.5   286.2   327.3 24009.1 29750.6 31858.1 40265.0  39275.3   110000  1652259301893  1652259307193
read     1633.6  6135.1    80.4   139.3   151.0   206.1   232.8   250.7   266.1   288.2   329.9 24659.9 29702.7 30313.9 32492.2  39003.7   115000  1652259308704  1652259314001
read     1609.4  6090.6    80.4   137.0   148.8   203.3   229.7   247.2   262.1   283.1   321.3 10827.2 29717.2 31175.3 32467.2  39802.4   120000  1652259315509  1652259320797
Warning! Detected max cpu usage > 95%
CPU Usage Stats (avg/min/max): 63.76%,1.49%,100.00%




run 2

ubuntu@client-measure-mmd1:~/memcache-perf-dynamic$ ./mcperf -s 10.156.15.213 -a 10.156.15.215 --noload -T 16 -C 4 -D 4 -Q 1000 -c 4 -t 5 --scan 5000:120000:5000
#type       avg     std     min      p5     p10     p50     p67     p75     p80     p85     p90     p95     p99    p999   p9999      QPS   target       ts_start         ts_end
read      304.5   545.1    93.8   157.9   174.3   272.4   309.8   328.3   341.4   358.8   383.0   432.6   688.2  5584.1 31042.8   4919.2     5000  1652259420588  1652259425935
read      273.2   471.9    80.4   148.4   162.9   239.8   282.6   306.9   322.9   342.0   366.7   408.6   576.7  5141.7 30121.0   9975.4    10000  1652259427452  1652259432784
read      245.8   430.9    80.4   138.4   151.2   215.7   249.8   272.3   289.7   309.3   333.1   370.4   487.9  4500.5 28447.0  14954.6    15000  1652259434329  1652259439615
read      284.2  1205.0    80.4   138.7   151.3   213.7   244.6   265.0   281.1   301.0   326.5   368.8   516.7 28775.0 32244.2  19786.1    20000  1652259441158  1652259446446
read      402.1  2207.5    80.4   141.9   154.6   211.9   238.9   257.1   272.1   291.5   317.4   363.9   577.9 29788.6 31103.2  24814.6    25000  1652259447981  1652259453267
read      676.4  3540.1    80.4   140.3   152.2   207.3   233.2   250.5   264.7   283.1   310.7   366.8 28723.8 30064.0 32244.7  29788.0    30000  1652259454786  1652259460091
read      924.3  4417.0    80.4   134.6   145.9   197.7   222.3   237.3   250.7   268.4   295.4   371.1 29262.3 30545.3 35940.2  34908.4    35000  1652259461593  1652259466898
read     1496.8  5857.9    86.8   135.7   147.6   201.1   226.7   243.2   257.1   277.0   316.0   529.4 29697.7 31518.0 32477.7  38943.4    40000  1652259468401  1652259473705
read     1543.2  5966.9    74.4   132.2   143.6   195.6   219.9   235.5   250.4   270.9   311.9   605.5 29683.1 30716.8 32454.5  40711.4    45000  1652259475208  1652259480490
read     1601.4  6087.7    80.4   134.6   146.3   199.9   226.0   243.1   257.9   279.6   323.2  3883.6 29765.2 31983.2 37291.7  39752.5    50000  1652259482008  1652259487306
read     1589.4  6058.8    80.4   135.5   147.0   199.2   224.4   240.9   255.0   275.3   316.5  1673.4 29720.3 31394.7 32499.3  40027.7    55000  1652259488811  1652259494090
read     1609.3  6096.8    80.4   136.7   148.5   201.9   228.0   245.2   259.8   280.8   321.1  7229.2 29716.2 31178.0 35856.3  39473.4    60000  1652259495624  1652259500902
read     1586.1  6060.0    80.4   135.1   146.7   199.8   225.3   241.6   255.5   275.3   315.5  1409.5 29753.4 31981.5 37742.8  40178.5    65000  1652259502418  1652259507725
read     1628.7  6128.4    80.4   138.9   150.4   204.9   231.0   248.5   263.4   284.9   325.7 24437.5 29717.0 31017.3 32401.7  39265.1    70000  1652259509232  1652259514520
read     1598.0  6083.6    80.4   136.4   148.2   200.8   226.5   242.8   256.3   275.7   314.1  3133.0 29759.4 32006.2 37515.4  39963.3    75000  1652259516032  1652259521339
read     1610.5  6104.2    80.4   135.2   147.2   202.3   228.4   245.4   259.8   280.4   319.3  9388.0 29712.6 31039.7 32439.1  39641.2    80000  1652259522843  1652259528138
read     1577.2  6033.1    86.8   132.5   144.2   198.3   223.9   240.1   253.8   273.7   313.1   935.1 29677.6 30104.8 32389.0  40501.5    85000  1652259529657  1652259534941
read     1589.2  6058.0    80.4   134.1   145.9   200.3   226.2   242.6   256.3   275.6   314.6  1396.6 29681.9 30105.2 32505.1  40224.6    90000  1652259536448  1652259541733
read     1661.1  6193.9    86.8   140.6   152.8   209.1   235.4   253.6   269.5   291.4   334.2 24878.8 29757.2 31820.3 39731.4  38412.7    95000  1652259543245  1652259548538
read     1628.8  6134.0    80.4   138.9   150.7   205.0   230.7   248.1   263.2   285.0   328.4 20364.9 29791.1 31968.3 36577.2  39213.8   100000  1652259550052  1652259555340
read     1631.7  6148.2    80.4   138.1   149.8   204.7   230.7   248.2   263.2   285.0   328.3 23914.0 29770.8 32011.3 37908.2  38978.7   105000  1652259556861  1652259562139
read     1672.1  6214.2    86.8   140.1   152.6   210.1   236.4   254.7   270.6   293.2   336.9 27887.5 29738.8 31351.4 37685.0  38033.9   110000  1652259563665  1652259568938
read     1651.8  6179.4    80.4   139.5   151.6   207.4   234.1   252.7   268.8   291.8   336.4 24375.7 29790.4 32080.5 37866.8  38581.7   115000  1652259570443  1652259575766
read     1591.7  6057.8    80.4   134.2   146.0   200.0   225.5   241.8   255.6   275.8   315.9  2810.1 29674.8 30091.7 32039.7  40219.8   120000  1652259577269  1652259582590
Warning! Detected max cpu usage > 95%
CPU Usage Stats (avg/min/max): 61.87%,1.51%,100.00%


run 3

ubuntu@client-measure-mmd1:~/memcache-perf-dynamic$ ./mcperf -s 10.156.15.213 -a 10.156.15.215 --noload -T 16 -C 4 -D 4 -Q 1000 -c 4 -t 5 --scan 5000:120000:5000
#type       avg     std     min      p5     p10     p50     p67     p75     p80     p85     p90     p95     p99    p999   p9999      QPS   target       ts_start         ts_end
read      329.9   870.9   101.3   159.9   176.5   276.0   313.6   332.4   344.8   362.0   385.1   432.5   753.7 12376.2 32025.9   4940.6     5000  1652259631318  1652259636651
read      252.6   189.4    86.8   143.2   157.0   231.8   274.0   298.2   314.1   332.1   354.5   394.6   508.2  2205.8  8304.7   9952.1    10000  1652259638184  1652259643538
read      253.2   680.3    80.4   140.5   153.1   219.5   254.6   278.1   295.4   315.2   339.5   379.2   501.4  3944.1 31333.2  14898.7    15000  1652259645057  1652259650370
read      266.4  1031.1    86.8   139.4   151.2   209.5   237.8   257.4   273.2   293.3   319.2   360.0   478.4 28254.8 30141.7  19766.1    20000  1652259651893  1652259657222
read      389.6  2130.1    86.8   140.2   152.3   208.9   235.6   254.0   269.5   288.9   315.3   363.1   558.0 29738.3 30091.5  24940.2    25000  1652259658729  1652259664027
read      549.2  3039.2    80.4   135.7   147.3   200.6   226.1   241.7   254.2   271.8   296.1   344.0 28145.9 30022.6 32302.3  29818.0    30000  1652259665532  1652259670823
read     1020.9  4683.3    86.8   136.5   148.0   200.3   226.2   242.9   256.8   276.0   308.7   395.8 29368.0 30788.3 36553.3  34712.8    35000  1652259672352  1652259677662
read     1412.2  5681.9    80.4   133.6   144.7   196.1   220.4   235.7   250.8   271.4   310.7   482.7 29638.2 31034.3 35247.4  39238.6    40000  1652259679173  1652259684451
read     1542.2  5971.3    80.4   132.8   143.8   195.3   219.3   234.9   249.2   269.0   306.4   549.0 29681.7 30589.9 32468.6  40841.8    45000  1652259685968  1652259691285
read     1558.0  6005.3    80.4   132.9   144.0   195.5   219.9   235.5   250.3   270.7   310.9   655.1 29720.1 31681.0 37630.6  40787.8    50000  1652259692787  1652259698073
read     1570.1  6028.3    80.4   133.6   145.1   197.0   221.8   237.5   252.0   272.2   312.4   853.7 29758.3 32047.0 37294.4  40548.2    55000  1652259699600  1652259704874
read     1583.6  6056.2    80.4   134.8   146.0   197.7   223.3   239.9   254.5   275.9   318.0  1304.7 29708.7 31300.6 39664.5  40274.5    60000  1652259706410  1652259711687
read     1586.8  6051.8    80.4   136.0   147.5   200.2   225.3   241.3   254.5   274.4   313.6  2213.8 29701.8 31107.9 39923.5  40187.7    65000  1652259713213  1652259718501
read     1601.8  6082.5    86.8   137.0   148.7   201.0   226.8   243.6   258.0   279.0   319.1  3539.6 29716.5 31233.1 32503.5  39842.4    70000  1652259720020  1652259725310
read     1626.6  6122.6    80.4   137.3   149.4   204.3   230.5   248.1   263.4   285.6   329.3 24245.7 29709.5 30797.7 32489.2  39318.6    75000  1652259726813  1652259732107
read     1685.4  6235.8    80.4   140.2   153.3   212.4   239.0   257.3   272.7   295.2   342.4 24775.8 29806.8 32088.0 41430.5  37894.2    80000  1652259733617  1652259738907
read     1627.3  6124.3    80.4   135.1   148.1   205.4   231.5   248.8   263.4   284.2   324.6 24183.0 29726.8 31284.8 32423.4  39383.9    85000  1652259740424  1652259745718
read     1577.3  6036.5    80.4   135.1   146.4   198.3   222.9   238.5   252.5   272.0   309.1   842.2 29696.4 30776.3 32422.5  40440.1    90000  1652259747232  1652259752527
read     1579.8  6052.1    86.8   133.3   145.0   198.5   224.4   240.9   254.6   275.0   315.6  1008.6 29757.5 31953.9 40903.9  40402.8    95000  1652259754031  1652259759303
read     1574.3  6045.8    80.4   133.7   145.0   197.9   223.0   238.7   252.7   272.5   309.5   832.2 29762.7 31945.7 37149.9  40537.6   100000  1652259760849  1652259766160
read     1595.9  6065.3    80.4   134.6   146.1   199.9   226.4   243.7   258.2   279.7   320.8  3619.9 29698.6 30697.6 32409.9  40116.5   105000  1652259767663  1652259772971
read     1613.0  6107.0    80.4   136.7   148.4   202.4   228.6   245.5   259.8   280.3   320.1 20040.3 29739.3 31597.0 32597.9  39505.1   110000  1652259774484  1652259779785
read     1582.4  6041.6    80.4   133.2   144.7   198.6   225.1   242.6   258.0   280.6   323.2  1234.9 29721.3 31513.4 36040.2  40161.5   115000  1652259781287  1652259786561
read     1574.5  6036.6    80.4   134.2   145.5   197.6   222.7   239.1   253.4   273.9   314.7   818.4 29688.2 30539.2 40719.9  40565.0   120000  1652259788108  1652259793404
Warning! Detected max cpu usage > 95%
CPU Usage Stats (avg/min/max): 64.51%,2.02%,100.00%

