run 1

ubuntu@client-measure-mmd1:~/memcache-perf-dynamic$ ./mcperf -s 10.156.15.213 -a 10.156.15.215 --noload -T 16 -C 4 -D 4 -Q 1000 -c 4 -t 5 --scan 5000:120000:5000
#type       avg     std     min      p5     p10     p50     p67     p75     p80     p85     p90     p95     p99    p999   p9999      QPS   target       ts_start         ts_end
read      310.6   803.2    93.8   156.3   172.5   268.2   307.2   326.3   340.3   357.7   380.3   423.5   662.3  9634.8 32117.1   5014.0     5000  1652258717979  1652258723348
read      262.8   388.5    86.8   146.9   161.0   235.8   277.7   301.4   317.3   335.6   358.4   395.2   511.7  3950.0 27896.3   9930.6    10000  1652258724873  1652258730204
read      243.2   418.6    80.4   139.7   152.6   217.1   251.7   274.0   291.7   311.8   336.8   374.4   478.2  2586.9 28895.0  14896.2    15000  1652258731708  1652258736991
read      253.9   890.8    86.8   136.8   148.9   207.6   236.2   255.9   271.7   290.7   314.8   352.8   460.8  9823.9 29904.7  19817.9    20000  1652258738530  1652258743848
read      377.2  2053.3    80.4   138.1   149.9   206.8   234.2   252.7   268.1   287.9   314.5   362.3   555.2 29764.9 31603.1  24900.1    25000  1652258745354  1652258750646
read      600.5  3255.7    80.4   136.8   148.7   203.2   229.1   245.6   259.0   276.3   302.9   357.1 28428.7 30059.4 32372.0  29986.8    30000  1652258752197  1652258757514
read     1173.8  5088.2    80.4   138.5   150.4   205.7   231.9   249.7   264.7   285.4   320.8   434.7 29511.5 31356.0 40460.9  35026.2    35000  1652258759018  1652258764296
read     1386.0  5617.7    80.4   133.1   144.2   196.7   222.1   237.9   252.0   271.5   306.7   457.3 29621.8 30800.1 32452.7  39328.0    40000  1652258765825  1652258771109
read     1561.2  6005.0    80.4   134.5   145.7   198.3   223.8   240.5   254.8   275.2   315.8   632.1 29703.9 31265.3 33523.2  40377.8    45000  1652258772636  1652258777938
read     1579.8  6041.8    86.8   134.6   146.0   198.8   224.5   241.0   254.9   275.7   316.9   921.7 29708.8 31188.0 36028.8  40363.2    50000  1652258779445  1652258784744
read     1548.5  5985.5    80.4   131.3   142.8   194.8   219.1   234.8   249.1   268.8   306.1   589.8 29718.7 31503.6 32459.4  40960.5    55000  1652258786281  1652258791553
read     1619.9  6113.3    80.4   136.5   149.2   205.0   231.0   248.2   262.9   284.2   327.4 19500.2 29716.8 31137.6 36127.4  39341.1    60000  1652258793073  1652258798367
read     1625.7  6122.9    80.4   137.4   149.6   204.7   230.6   247.8   262.5   284.4   329.8 23992.4 29738.0 31601.1 36625.6  39302.5    65000  1652258799901  1652258805201
read     1596.7  6070.4    80.4   136.5   148.3   201.7   227.2   243.8   257.6   278.1   319.5  2565.8 29723.9 31473.0 35118.0  39980.8    70000  1652258806713  1652258811995
read     1556.2  6014.6    80.4   133.4   145.0   197.4   222.2   237.4   251.3   270.5   304.2   563.1 29802.4 32151.9 40588.3  41009.1    75000  1652258813521  1652258818835
read     1576.0  6032.8    80.4   133.7   145.1   198.9   224.4   240.8   254.8   275.3   315.0   747.3 29710.4 31369.0 35777.7  40378.2    80000  1652258820338  1652258825621
read     1605.0  6085.2    74.4   137.4   149.0   202.9   228.7   245.4   259.7   280.3   319.0  4875.2 29697.4 30666.3 37583.6  39582.5    85000  1652258827153  1652258832443
read     1581.6  6056.3    86.8   134.4   146.1   199.2   224.7   240.7   254.4   274.3   312.7  1094.2 29772.8 32078.3 38597.6  40287.1    90000  1652258833950  1652258839237
read     1565.3  6025.7    80.4   133.1   144.7   197.7   223.0   239.3   253.7   273.9   312.4   643.9 29703.3 31369.4 38146.1  40893.6    95000  1652258840757  1652258846046
read     1558.8  6003.5    80.4   132.8   144.2   196.3   220.7   235.6   250.0   269.6   306.0   625.8 29704.0 31290.7 36440.8  41029.5   100000  1652258847561  1652258852862
read     1538.5  5968.7    80.4   130.5   141.7   193.5   217.7   233.5   247.4   266.9   303.7   589.8 29748.9 31953.0 36952.7  41444.8   105000  1652258854369  1652258859653
read     1561.6  6010.8    86.8   133.3   144.5   195.8   220.3   235.8   250.7   270.9   310.8   671.0 29690.4 30807.4 39366.1  40760.5   110000  1652258861177  1652258866454
read     1558.1  6002.6    80.4   133.0   144.2   195.7   220.3   236.1   251.1   271.9   312.6   627.6 29694.6 30955.4 37492.6  40999.0   115000  1652258867980  1652258873261
read     1600.5  6088.1    86.8   137.1   148.4   200.6   226.2   242.6   256.7   277.5   317.8  4123.4 29755.4 31923.9 37936.0  39976.7   120000  1652258874792  1652258880070
Warning! Detected max cpu usage > 95%
CPU Usage Stats (avg/min/max): 64.50%,1.50%,100.00%


run 2

ubuntu@client-measure-mmd1:~/memcache-perf-dynamic$ ./mcperf -s 10.156.15.213 -a 10.156.15.215 --noload -T 16 -C 4 -D 4 -Q 1000 -c 4 -t 5 --scan 5000:120000:5000
#type       avg     std     min      p5     p10     p50     p67     p75     p80     p85     p90     p95     p99    p999   p9999      QPS   target       ts_start         ts_end
read      296.1   540.7    80.4   156.2   173.3   269.9   306.0   323.4   337.0   352.7   374.3   421.5   585.2  5677.7 31029.6   4959.0     5000  1652260373934  1652260379292
read      261.0   490.2    86.8   143.3   156.8   231.2   272.0   295.3   312.0   330.7   353.9   394.8   522.2  4012.8 30608.7   9950.8    10000  1652260380809  1652260386127
read      243.0   434.4    86.8   139.2   151.9   216.7   251.0   273.6   291.2   311.0   335.5   374.3   493.5  2510.4 28707.5  14778.2    15000  1652260387665  1652260392991
read      264.3  1007.5    80.4   137.9   150.0   210.0   240.1   260.8   276.8   297.1   322.2   363.0   480.5 28302.0 31170.6  19979.6    20000  1652260394495  1652260399781
read      329.7  1789.3    80.4   132.7   144.8   201.4   229.3   246.8   260.9   278.6   304.0   343.7   483.1 29641.0 31794.0  24853.6    25000  1652260401284  1652260406588
read      592.7  3221.3    74.4   137.5   149.0   201.7   227.9   244.7   258.5   276.2   303.4   356.1 28400.0 30020.4 32160.5  29910.7    30000  1652260408091  1652260413413
read     1019.4  4671.7    80.4   138.2   149.5   202.3   228.2   244.7   258.1   275.8   306.5   384.6 29345.1 30094.7 32270.6  34778.9    35000  1652260414920  1652260420217
read     1447.3  5754.0    80.4   134.3   145.7   198.9   224.9   241.3   255.3   276.2   314.2   480.0 29660.6 31208.4 32512.4  39053.6    40000  1652260421724  1652260427021
read     1531.3  5947.8    80.4   131.1   142.0   192.8   217.6   234.3   249.7   271.2   314.7   571.2 29690.4 31052.6 32512.1  41019.2    45000  1652260428524  1652260433819
read     1556.7  5996.1    80.4   132.5   143.7   195.7   220.8   236.6   251.8   272.4   313.6   622.3 29700.7 31159.5 32499.1  40714.4    50000  1652260435328  1652260440616
read     1578.8  6052.4    80.4   132.8   144.6   199.1   225.5   242.5   256.9   278.8   319.9   884.9 29798.9 32230.4 38510.7  40332.5    55000  1652260442128  1652260447415
read     1539.9  5967.2    80.4   130.7   141.8   194.4   219.6   235.8   250.9   271.5   310.3   545.0 29697.7 31162.6 32443.8  41362.6    60000  1652260448957  1652260454256
read     1581.3  6049.0    80.4   133.0   144.2   197.3   223.7   241.1   256.3   279.2   323.8  1014.0 29743.6 31730.7 36497.6  40382.1    65000  1652260455797  1652260461082
read     1588.0  6074.5    80.4   134.0   145.6   199.4   225.5   242.4   257.0   278.8   320.2   971.4 29805.0 32432.7 39941.0  40113.9    70000  1652260462597  1652260467881
read     1563.3  6012.4    80.4   130.8   142.3   195.8   221.2   237.1   252.2   272.9   313.7   750.8 29726.8 31544.6 32443.9  40741.0    75000  1652260469417  1652260474717
read     1584.8  6063.4    80.4   133.7   145.1   197.8   223.8   241.0   256.2   278.6   320.5   956.8 29774.4 32132.1 37611.0  40371.9    80000  1652260476223  1652260481504
read     1580.1  6037.6    86.8   133.0   144.3   197.0   223.0   240.5   255.8   279.5   324.4   997.5 29694.7 30771.4 32430.8  40398.8    85000  1652260483033  1652260488331
read     1591.5  6076.2    80.4   133.3   144.7   198.7   225.3   242.9   258.2   280.8   321.4  1407.6 29774.9 32057.4 37822.1  40063.1    90000  1652260489845  1652260495122
read     1567.3  6017.3    80.4   132.4   143.7   196.3   221.5   238.2   253.1   274.3   314.9   721.6 29681.2 30110.6 32394.4  40752.6    95000  1652260496661  1652260501941
read     1626.9  6121.5    80.4   137.3   149.1   204.5   230.9   249.1   265.1   287.6   327.9 24223.5 29714.2 31013.2 32485.3  39188.0   100000  1652260503445  1652260508728
read     1631.4  6144.1    86.8   135.7   148.3   205.5   232.3   250.8   267.2   290.7   333.7 24369.8 29716.4 31019.3 35270.1  39097.4   105000  1652260510257  1652260515552
read     1597.2  6071.9    74.4   133.8   145.2   198.7   225.1   243.2   259.5   284.3   332.0  2907.2 29710.8 31155.4 32523.7  40023.6   110000  1652260517061  1652260522359
read     1565.9  6012.5    80.4   131.0   142.5   196.3   222.4   239.5   254.3   275.6   316.5   726.0 29685.9 30458.7 32486.0  40789.2   115000  1652260523893  1652260529196
read     1591.2  6069.9    80.4   132.7   144.2   198.7   226.0   244.1   259.9   282.6   323.2  1106.9 29706.9 31052.8 36659.2  40147.8   120000  1652260530726  1652260536004
Warning! Detected max cpu usage > 95%
CPU Usage Stats (avg/min/max): 64.60%,2.00%,100.00%

run 3

ubuntu@client-measure-mmd1:~/memcache-perf-dynamic$ ./mcperf -s 10.156.15.213 -a 10.156.15.215 --noload -T 16 -C 4 -D 4 -Q 1000 -c 4 -t 5 --scan 5000:120000:5000
#type       avg     std     min      p5     p10     p50     p67     p75     p80     p85     p90     p95     p99    p999   p9999      QPS   target       ts_start         ts_end
read      306.3   660.0    93.8   156.2   172.7   272.3   312.4   332.4   345.4   362.0   382.8   423.0   585.5  6161.8 30556.6   4892.6     5000  1652260572082  1652260577481
read      267.3   520.0    86.8   141.8   155.7   232.1   276.1   302.8   321.1   342.7   368.6   409.2   538.3  4757.4 29031.2   9914.3    10000  1652260579025  1652260584387
read      259.0   687.2    86.8   139.5   152.2   217.8   252.9   276.6   295.8   319.1   347.5   390.7   513.9  5145.2 30725.9  14895.9    15000  1652260585909  1652260591235
read      270.9  1055.8    80.4   138.7   151.0   210.6   240.8   261.9   278.3   300.1   330.0   372.8   491.1 28422.6 30042.9  19999.2    20000  1652260592741  1652260598026
read      318.1  1676.0    86.8   133.7   145.2   200.5   227.6   244.8   258.7   276.4   302.7   347.8   488.6 29535.4 31502.4  24917.1    25000  1652260599536  1652260604845
read      566.6  3110.3    80.4   137.5   148.8   201.1   227.0   243.3   256.5   274.0   301.4   355.7 28268.9 30024.4 32150.8  29787.7    30000  1652260606352  1652260611660
read      984.4  4582.6    80.4   136.1   147.8   200.8   226.7   243.2   256.4   274.7   305.1   383.6 29325.2 30231.9 32475.7  34643.7    35000  1652260613164  1652260618441
read     1497.5  5865.9    80.4   135.5   147.1   200.2   226.3   243.4   258.5   280.7   321.3   548.6 29718.0 32075.5 37508.2  38976.9    40000  1652260619977  1652260625255
read     1590.2  6062.9    80.4   135.9   147.8   200.4   226.4   243.2   257.3   278.4   318.5  1246.8 29741.3 31710.6 36261.1  39629.4    45000  1652260626773  1652260632052
read     1589.8  6062.8    80.4   137.1   148.5   200.6   226.1   242.4   255.9   276.4   316.0  1554.0 29751.3 31857.4 36976.7  39952.6    50000  1652260633556  1652260638825
read     1572.4  6031.3    80.4   133.6   144.8   197.5   222.6   238.5   252.9   273.6   314.9   791.1 29701.5 31063.1 35233.5  40624.2    55000  1652260640364  1652260645655
read     1573.6  6028.8    80.4   133.6   144.8   197.5   222.9   239.6   254.3   276.6   322.0   849.1 29706.3 31278.8 36715.1  40365.3    60000  1652260647164  1652260652469
read     1600.0  6083.2    80.4   135.2   146.5   199.9   225.8   242.9   257.7   280.4   326.2  3001.7 29729.6 31724.1 39516.2  39876.9    65000  1652260653976  1652260659261
read     1602.6  6088.8    80.4   134.6   146.3   200.4   226.9   244.0   258.9   280.7   321.0  4028.9 29742.0 31658.4 36111.5  39918.1    70000  1652260660770  1652260666048
read     1637.7  6145.5    80.4   138.3   150.5   206.1   232.5   250.4   266.3   289.2   336.2 24483.1 29734.9 31488.4 36533.4  38957.4    75000  1652260667554  1652260672837
read     1612.5  6102.6    80.4   136.9   149.0   203.5   229.7   247.0   261.9   283.3   325.2 15082.2 29771.0 31908.7 36896.5  39655.9    80000  1652260674373  1652260679669
read     1564.6  6015.5    86.8   132.4   143.8   196.9   222.8   239.6   254.3   275.8   317.7   899.3 29732.3 31891.1 39682.2  40763.0    85000  1652260681180  1652260686472
read     1561.0  6007.0    80.4   132.0   143.3   196.0   220.8   236.1   250.7   270.4   307.4   730.8 29678.2 30109.2 35233.0  41011.8    90000  1652260687997  1652260693285
read     1560.1  6014.5    80.4   133.3   144.5   196.6   221.8   237.7   252.2   272.4   312.1   621.0 29746.6 31935.8 39356.6  40794.9    95000  1652260694793  1652260700085
read     1575.1  6037.3    80.4   135.0   145.9   197.6   222.7   238.9   252.9   272.9   311.4   803.3 29737.6 31680.2 33402.1  40431.9   100000  1652260701608  1652260706900
read     1567.8  6020.9    80.4   133.2   144.3   196.9   222.3   238.5   253.1   274.2   315.9   735.3 29724.4 31676.5 38126.2  40754.2   105000  1652260708424  1652260713724
read     1560.9  6012.7    80.4   133.7   144.9   195.8   220.1   235.7   250.5   271.0   310.4   764.6 29768.4 31975.6 36946.4  40942.3   110000  1652260715227  1652260720535
read     1579.0  6037.4    80.4   133.2   144.7   198.2   223.6   239.8   253.9   273.8   312.2   973.4 29679.2 30102.5 32196.2  40347.5   115000  1652260722039  1652260727346
read     1543.9  5978.4    80.4   132.3   143.4   194.9   219.5   235.3   250.0   269.7   306.4   567.8 29737.5 31857.9 37150.5  41301.9   120000  1652260728851  1652260734132
Warning! Detected max cpu usage > 95%
CPU Usage Stats (avg/min/max): 63.13%,1.52%,100.00%
