ubuntu@client-measure-kzd0:~/memcache-perf-dynamic$ ./mcperf -s 10.156.15.230 -a 10.156.15.229 --noload -T 16 -C 4 -D 4 -Q 1000 -c 4 -t 1800 --qps_interval 10 --qps_min 5000 --qps_max 100000 --qps_seed 4
Random waveform, supplied seed
Total number of intervals = 180 (5002, 54986, 7130, 84290, 17452, 88208, 22877, 72971, 73135, 75186, 55733, 12378, 35768, 18138, 25316, 16286, 70039, 7925, 55700, 30401, 68647, 75977, 38812, 73569, 41545, 15233, 39948, 63492, 68082, 81456, 65924, 9635, 9732, 23037, 94715, 34730, 55405, 7436, 96598, 48830, 98879, 93373, 89615, 6275, 62579, 32621, 55023, 56191, 13630, 75839, 11268, 91542, 95358, 14465, 46522, 68275, 94880, 61112, 65501, 28015, 63771, 6718, 11191, 31233, 94928, 97715, 11135, 39480, 80154, 33026, 5268, 55976, 15291, 67253, 16304, 86493, 77575, 24032, 9375, 12678, 34572, 52641, 11030, 76616, 49936, 54228, 94769, 90660, 99798, 57659, 93618, 26403, 43387, 10044, 39624, 41474, 66593, 39775, 12340, 67852, 19176, 87812, 19141, 72767, 63416, 32230, 24915, 17561, 18091, 99427, 83040, 99355, 25742, 58482, 52445, 39976, 65714, 85849, 86593, 54564, 39577, 14343, 6139, 67434, 15213, 84735, 76404, 96170, 73743, 30666, 57058, 62785, 62130, 73914, 56612, 57338, 99906, 61065, 38132, 41320, 39242, 83059, 26336, 61300, 93660, 65334, 58894, 29662, 5808, 95639, 86335, 85220, 52894, 80911, 31316, 54124, 53152, 62479, 51223, 25168, 99184, 91048, 57941, 82238, 15783, 62638, 72072, 58970, 80048, 65921, 54854, 56548, 40027, 66638, 32005, 48830, 6161, 56344, 17598, 83020)
Average QPS expected = 52310
Timestamp start: 1653138720848
Timestamp end: 1653140521244

#type       avg     std     min      p5     p10     p50     p67     p75     p80     p85     p90     p95     p99    p999   p9999      QPS   target
read      490.1  1197.4   109.4   210.5   247.5   393.1   446.6   478.0   500.4   529.4   575.0   686.1  2405.5 29099.2 37503.7   5000.9     5002
read      535.6   578.4    86.8   179.5   208.1   394.2   518.6   611.4   706.1   835.7  1023.5  1360.1  2093.0  5364.9 23380.5  54890.7    54986
read      516.8  1212.9   109.4   196.0   230.8   398.8   457.6   495.9   524.5   556.8   617.5   770.9  3541.3 28106.8 38266.2   7130.4     7130
read      835.4   962.1    93.8   256.2   291.2   496.8   817.5  1169.0  1429.2  1585.6  1730.0  1957.5  3098.9 10165.4 32163.7  84211.3    84290
read      605.2  1188.4   101.3   188.9   216.9   446.0   559.9   631.8   711.0   794.3   883.8  1099.2  4270.8 16117.2 37222.1  17403.1    17452
read      814.5  1102.0   101.3   259.8   295.3   470.7   698.2  1010.7  1292.5  1514.5  1674.1  1916.1  3927.8 12311.2 32305.8  88218.9    88208
read      616.2  1118.7    93.8   185.8   214.1   441.0   566.6   648.0   742.6   856.9   985.1  1234.0  4073.8 14345.2 36379.4  22945.0    22877
read      682.3   801.4    93.8   217.0   250.4   453.7   617.2   783.5   938.1  1127.5  1418.9  1819.6  2949.3  6649.4 31035.1  72957.7    72971
read      639.5   677.7    93.8   217.7   248.7   444.0   591.2   736.5   873.2  1050.3  1288.1  1680.3  2515.8  6698.8 25803.1  73049.1    73135
read      668.4   698.8    93.8   216.8   249.9   450.6   615.7   785.4   942.4  1137.3  1424.1  1767.4  2727.6  6280.8 25470.0  75094.1    75186
read      565.6   722.6    93.8   182.5   212.5   407.0   529.8   628.0   718.4   869.2  1080.2  1385.5  2438.3  7231.6 30877.5  55694.3    55733
read      557.2  1044.0   101.3   192.8   225.1   442.2   515.4   561.2   595.7   641.9   709.2   902.5  3953.9 11713.0 35659.2  12344.4    12378
read      586.6   836.5    93.8   176.4   206.2   438.6   570.9   667.1   745.5   888.1  1091.0  1331.3  2712.5  8556.6 32080.6  35758.9    35768
read      600.1  1097.0    93.8   187.4   218.4   471.4   565.0   627.1   678.3   736.7   827.7  1064.5  4010.3 13752.5 32452.5  18113.7    18138
read      592.4   960.7    93.8   182.0   211.8   468.0   576.5   646.7   710.9   783.7   925.5  1199.6  3635.2  9656.5 36061.2  25348.6    25316
read      550.6   915.1   101.3   180.7   213.0   461.0   543.5   592.1   631.8   684.7   757.5   934.2  3127.6 10277.6 36647.6  16337.1    16286
read      608.0   679.4    93.8   203.6   235.0   433.3   566.1   687.2   799.6   964.2  1195.5  1592.2  2466.8  6782.2 29327.6  70177.0    70039
read      560.2  1322.5   109.4   210.9   243.5   415.0   484.0   520.0   546.2   581.5   635.7   857.3  3913.6 26099.7 37962.1   7932.0     7925
read      562.1   651.8    93.8   191.9   221.2   422.1   548.9   638.2   725.3   838.5  1020.7  1354.9  2321.0  6669.3 28888.3  55598.9    55700
read      627.0  1053.3    86.8   169.5   197.0   464.1   600.9   687.6   770.6   869.6  1084.2  1385.6  3809.4 11971.1 35529.0  30412.5    30401
read      615.7   816.1    93.8   193.1   224.8   432.1   575.4   696.2   811.6   972.6  1224.5  1608.5  2550.7  7016.3 37181.1  68612.3    68647
read      775.6   855.4    93.8   232.6   271.9   491.5   744.4   987.5  1168.4  1420.4  1644.1  1964.3  3063.7  7519.1 31127.0  75915.1    75977
read      579.5   840.5    86.8   167.6   195.3   425.0   572.6   654.0   731.6   849.5  1047.7  1387.7  2858.8  8111.8 31859.4  38972.2    38812
read      610.8   588.5    93.8   208.7   240.1   435.7   579.0   702.4   822.1   991.5  1224.1  1631.1  2379.3  4910.9 16343.8  73604.4    73569
read      558.0   709.8    93.8   192.5   221.7   428.6   573.2   652.4   720.9   816.4   942.8  1255.4  2234.6  7112.5 31194.2  41572.4    41545
read      578.7  1006.3   101.3   196.1   229.7   469.4   576.9   630.8   670.9   722.8   801.8  1008.4  3286.8 11847.3 32468.9  15240.7    15233
read      611.5   904.4    93.8   178.6   209.2   437.9   600.0   693.1   783.1   906.8  1100.2  1461.9  3102.0  9810.5 32174.0  39937.3    39948
read      574.0   631.0    93.8   177.4   206.7   411.2   548.5   654.1   749.9   904.7  1133.4  1550.8  2357.2  6209.5 20255.4  63641.2    63492
read      648.9   753.6    93.8   191.7   224.9   438.4   595.3   738.6   886.2  1083.7  1386.1  1757.2  2708.0  7608.7 30811.8  68068.5    68082
read      871.3  1028.2   101.3   264.0   303.5   516.8   851.2  1260.9  1486.3  1620.9  1755.3  2004.6  3307.7 12194.3 31965.3  81487.5    81456
read      686.0   914.3    93.8   217.8   250.2   446.8   593.8   749.3   918.5  1175.7  1508.2  1808.8  2861.2  7764.0 33835.1  65969.6    65924
read      561.7  1255.1   101.3   200.9   231.1   438.6   508.7   549.8   585.2   628.2   685.5   842.4  3323.1 21204.9 40429.8   9713.5     9635
read      606.7  1398.7   101.3   202.0   233.1   446.7   520.8   565.5   601.0   647.1   714.9   935.7  4403.3 29695.5 36621.0   9744.5     9732
read      632.7  1173.1    93.8   179.4   211.2   485.5   605.6   688.4   748.4   819.8   929.5  1240.1  4039.5 14122.7 37556.2  23111.0    23037
read      845.7  1161.4    93.8   264.5   302.7   500.7   731.5  1049.1  1374.4  1561.1  1713.9  1934.0  4394.5 12666.3 32416.0  94820.7    94715
read      646.9   993.3    93.8   194.4   225.8   448.9   604.6   736.3   850.8  1010.2  1285.2  1620.7  2762.0 10481.6 35440.4  34757.2    34730
read      571.9   715.8    93.8   188.2   218.8   411.7   540.9   640.2   733.1   860.3  1064.7  1470.4  2452.8  7355.6 30617.1  55372.3    55405
read      539.0  1322.0   101.3   184.1   211.3   417.9   477.2   515.9   541.6   574.7   626.7   798.3  3903.7 29168.1 37065.3   7409.4     7436
read      864.4  1078.7    93.8   259.4   300.5   522.8   810.7  1160.1  1444.2  1600.7  1740.1  1965.9  3764.2 12334.9 32344.2  96486.5    96598
read      743.5  1274.3    93.8   196.0   234.4   451.5   604.5   757.6   940.8  1260.5  1570.3  1867.6  4697.2 16112.5 36022.9  48831.7    48830
read      891.2  1014.2   101.3   266.3   306.8   538.1   873.0  1310.3  1518.3  1658.0  1800.1  2024.6  3473.1 11356.1 31886.8  98949.7    98879
read      891.6  1085.2   109.4   266.3   307.8   539.2   851.6  1218.6  1497.7  1650.3  1799.8  2021.9  3597.8 12376.9 32345.4  93322.3    93373
read      871.4  1036.3    93.8   246.4   290.9   532.1   844.9  1195.3  1491.9  1653.6  1808.8  2028.2  3192.8 11628.2 32233.9  89679.8    89615
read      756.8  2302.4    93.8   164.9   188.0   362.3   505.2   658.9   807.7  1015.7  1340.5  1822.3  5190.8 32111.4 40794.2   6349.8     6275
read      595.7   747.6    93.8   176.2   204.7   404.8   538.3   641.3   749.7   926.2  1219.8  1694.1  2689.8  7172.6 30913.6  62464.9    62579
read      593.8   921.2    93.8   164.5   189.9   433.9   583.7   672.1   751.6   863.0  1050.9  1418.5  3110.6  9083.9 32132.4  32660.7    32621
read      583.3   780.5    93.8   167.5   194.3   391.7   526.7   628.9   735.8   909.7  1210.4  1651.2  2606.4  7943.4 30770.1  55035.9    55023
read      573.0   761.9    93.8   169.0   196.1   393.3   531.6   632.7   733.3   882.8  1125.2  1572.4  2577.7  7604.4 31483.9  56249.6    56191
read      564.4  1183.9    93.8   167.2   192.9   438.4   542.7   600.0   640.7   691.3   758.1   903.5  3803.6 16693.8 35793.6  13674.6    13630
read      851.6  1177.6   101.3   245.8   286.7   499.3   734.7  1061.5  1357.6  1560.3  1735.9  2064.7  4270.8 12758.3 32333.6  76000.5    75839
read      561.8  1294.4    93.8   163.7   189.5   417.2   512.8   568.1   607.4   652.8   718.0   873.4  4135.1 28339.6 36644.6  11273.4    11268
read      880.3  1127.1   101.3   262.9   303.4   530.2   816.6  1211.2  1481.2  1633.7  1782.3  2013.0  3621.6 12490.2 35447.7  91393.4    91542
read      897.0  1046.6   101.3   260.7   302.8   539.0   877.6  1343.5  1539.2  1674.3  1817.2  2034.4  3252.2 12181.1 32137.7  95445.9    95358
read      701.9  1767.9    93.8   163.1   187.7   391.3   520.4   625.2   718.5   863.3  1275.9  1853.1  5392.6 31474.7 37904.7  14505.5    14465
read      569.4   747.2    93.8   162.8   188.4   390.9   531.5   631.8   729.7   888.3  1146.9  1576.0  2621.8  7410.0 31037.5  46558.2    46522
read      665.7   731.3    93.8   189.2   223.3   444.2   601.4   762.4   924.1  1138.2  1490.0  1880.2  2725.0  5969.8 30440.1  68229.7    68275
read      878.3  1326.0   101.3   262.3   302.1   513.3   715.4  1003.8  1354.0  1569.4  1737.3  1997.7  5654.1 13678.4 35767.2  94717.0    94880
read      896.2  1230.6   101.3   259.5   300.6   531.2   848.8  1268.0  1506.5  1651.9  1795.5  2023.1  3449.5 13532.3 35092.9  61115.0    61112
read      755.9   815.5    86.8   209.5   250.6   474.0   688.8   950.0  1188.9  1477.2  1682.7  1970.5  2907.1  7106.8 30470.7  65324.0    65501
read      602.6  1021.9    93.8   159.4   185.1   439.7   577.6   670.9   753.9   863.1  1010.0  1378.2  3693.4 10231.8 33572.1  27986.3    28015
read      579.0   665.6    86.8   176.1   203.9   402.3   527.9   629.3   735.9   906.9  1162.2  1676.2  2537.5  6029.4 25736.0  63822.3    63771
read      514.0  1308.5   101.3   174.5   199.0   374.6   436.1   473.0   501.1   537.2   588.0   743.8  3702.1 29026.4 36738.6   6688.0     6718
read      564.3  1319.9    93.8   165.5   191.4   416.6   504.1   554.3   593.3   640.0   709.7   895.9  4250.2 26991.0 39008.7  11173.0    11191
read      599.4   982.4    86.8   159.2   184.5   426.4   586.2   676.2   760.6   890.3  1075.6  1451.5  3121.5 12289.0 32407.7  31255.1    31233
read      863.1  1197.3   101.3   264.8   303.8   508.3   737.3  1053.2  1408.4  1592.5  1751.7  1997.5  4510.0 12745.5 33109.0  94876.3    94928
read      867.2  1233.4   101.3   260.8   299.1   497.7   717.0  1047.0  1414.5  1607.4  1770.8  2007.0  4960.3 12769.1 33599.4  97867.7    97715
read      757.9  2299.9   101.3   179.8   210.1   398.2   501.8   576.9   665.0   770.9  1045.5  1836.7  6255.5 32214.0 37625.7  11188.0    11135
read      574.1   763.7    86.8   171.6   201.4   425.7   566.4   667.0   747.7   865.5  1036.1  1412.4  2515.2  7741.2 31727.6  39524.7    39480
read      845.4   978.8    93.8   260.6   300.9   515.2   827.1  1134.3  1404.0  1578.3  1728.6  1956.9  3172.2 10158.8 31824.8  80223.0    80154
read      602.3  1033.3    93.8   180.8   213.0   439.7   570.5   666.6   747.7   858.5  1010.7  1357.1  3268.7 10011.2 35131.4  32951.2    33026
read      480.0  1206.1   109.4   204.4   240.8   367.1   415.0   442.6   462.5   487.5   523.7   633.5  3181.2 24746.7 38676.6   5292.4     5268
read      586.6   797.0    93.8   186.4   218.2   417.5   549.4   645.9   745.6   872.5  1067.6  1513.4  2638.5  7781.9 32188.8  55973.7    55976
read      623.1  1419.5   101.3   194.4   227.2   452.3   554.0   617.3   693.6   759.4   833.2  1034.7  4426.7 29967.1 38948.4  15331.5    15291
read      630.7   714.2    93.8   187.6   220.1   434.5   576.1   712.0   842.6  1015.9  1277.0  1771.4  2704.5  6791.4 29971.5  67158.1    67253
read      590.2  1201.9    93.8   192.3   225.5   453.9   557.1   618.9   682.9   751.7   825.2   997.7  3463.1 20407.0 36903.2  16352.6    16304
read      841.9  1360.2   101.3   265.2   301.3   476.8   632.8   868.3  1184.2  1511.8  1707.4  1999.7  5733.4 16062.6 35781.2  86547.9    86493
read      848.9  1095.9    93.8   258.1   297.6   508.7   780.3  1081.4  1387.6  1585.4  1745.4  1984.7  3277.7 12395.9 32616.7  77715.6    77575
read      587.5  1032.8    93.8   174.6   206.4   441.5   562.7   641.6   741.9   837.7   961.4  1223.6  2816.6 13149.2 32361.2  24022.3    24032
read      536.8  1162.6   101.3   190.1   223.6   405.8   479.5   521.2   551.1   593.0   646.6   843.0  3334.9 15653.6 37629.1   9311.6     9375
read      588.2  1362.8   101.3   182.8   215.3   430.7   525.3   581.0   621.2   679.7   780.5   934.3  4013.8 29720.2 37042.5  12724.8    12678
read      595.9   892.6    93.8   172.1   202.2   441.2   580.8   669.9   772.2   889.2  1046.5  1391.9  2890.0 10057.7 31882.5  34574.2    34572
read      583.9   804.4    80.4   168.4   196.7   399.6   531.6   628.0   735.2   894.8  1129.2  1632.8  2801.1  7531.4 31703.0  52748.4    52641
read      536.1  1158.6    93.8   183.2   214.6   414.0   491.8   534.6   566.0   604.3   661.1   829.3  3697.3 21633.1 32366.7  11053.2    11030
read      612.3   898.7    93.8   195.0   227.5   407.0   521.6   620.6   729.4   914.0  1229.1  1686.2  2953.1  9622.7 32159.3  76508.5    76616
read      466.9   526.8    93.8   185.8   212.5   367.1   470.8   535.5   583.5   642.7   749.4   993.7  1840.8  5702.7 21609.3  49962.7    49936
read      475.4   674.3    93.8   189.1   213.4   363.0   464.5   529.9   578.7   640.9   750.2  1013.0  1996.6  6789.0 31390.5  54174.4    54228
read      531.9   879.4    93.8   204.2   234.5   396.2   483.7   542.6   593.1   667.9   786.3  1060.8  3300.4  8781.6 32181.0  94916.2    94769
read      527.4   869.4    93.8   211.4   238.1   387.4   470.5   527.9   576.3   644.9   764.9  1078.2  3277.9  8805.4 32038.0  90599.2    90660
read      558.5   920.2   101.3   215.2   246.9   419.8   513.8   579.2   633.6   708.7   821.9  1065.4  3273.8 10167.3 32137.0  99607.9    99798
read      468.0   618.2    86.8   178.9   206.4   359.1   456.6   519.5   568.4   631.2   739.9  1015.4  2101.2  6008.2 30467.8  57531.3    57659
read      519.6   832.4    86.8   207.6   234.9   380.8   462.7   519.6   568.6   638.4   762.5  1080.3  3234.9  8702.8 31849.6  93605.7    93618
read      516.7   694.0    93.8   184.7   213.2   423.4   530.8   589.7   639.6   711.3   827.2  1004.5  2233.1  6584.8 31691.4  26371.0    26403
read      547.0   693.7    86.8   175.5   205.6   410.9   547.5   629.6   701.4   820.3   987.6  1291.2  2125.4  7761.1 30996.8  43359.1    43387
read      509.5   954.8   101.3   191.4   223.9   429.1   500.9   541.0   570.9   605.6   651.2   776.6  2715.2 10065.6 32120.7  10044.2    10044
read      551.4   639.1    86.8   169.0   198.0   402.2   544.1   630.3   708.5   840.7  1050.7  1438.4  2264.7  6927.2 28484.9  39576.9    39624
read      556.3   701.9    93.8   174.3   203.4   404.8   541.8   627.2   707.1   831.2  1026.0  1407.8  2332.6  7484.9 29719.8  41543.7    41474
read      466.0   585.5    93.8   187.9   213.9   360.2   452.5   513.1   563.6   628.7   738.4   999.8  2053.0  6179.0 29283.9  66608.1    66593
read      484.6   695.8   101.3   191.9   215.7   372.1   482.6   545.0   591.1   653.8   760.5   996.7  2101.9  7775.9 31786.7  39795.6    39775
read      523.1   818.6   101.3   200.4   228.4   451.4   533.7   580.0   613.0   652.1   710.6   814.3  2732.8  7890.4 33237.5  12355.3    12340
read      469.6   622.1    93.8   188.0   214.6   358.6   450.7   509.4   557.3   622.1   734.2  1017.1  2137.3  6713.4 30618.3  67630.2    67852
read      525.5   631.5    93.8   190.8   220.7   447.1   551.0   614.3   661.2   723.4   809.7   935.2  2215.1  6083.1 30343.1  19106.9    19176
read      531.7   881.0    93.8   207.9   233.2   379.6   462.8   520.0   569.7   642.1   785.4  1215.0  3295.9  9735.1 32124.8  87824.0    87812
read      529.4   669.8   101.3   197.0   225.1   459.7   565.3   626.9   671.9   727.3   794.5   912.4  2066.4  5952.2 30968.1  19147.3    19141
read      441.0   462.4    86.8   191.3   217.3   353.7   440.0   495.0   538.3   592.8   680.3   897.7  1874.0  5099.8 15726.5  72962.1    72767
read      491.2   664.4    93.8   183.3   210.8   370.9   474.0   542.9   597.7   673.4   801.2  1095.7  2138.4  6548.9 31085.2  63394.2    63416
read      525.3   670.6   101.3   185.2   213.6   419.6   543.7   608.8   661.2   739.2   865.4  1103.9  2149.5  6647.6 31095.4  32315.7    32230
read      571.4   824.7    93.8   192.2   222.2   460.9   579.2   651.9   717.4   806.9   919.6  1120.4  2833.8  6957.1 31989.5  24877.9    24915
read      541.0   749.2    93.8   191.8   222.3   459.3   562.4   624.0   668.2   727.7   805.5   936.6  2407.8  8627.1 31982.0  17527.1    17561
read      551.2   696.0   101.3   189.1   219.0   478.7   587.3   649.5   703.0   769.4   843.7   973.6  2315.8  6044.8 31352.2  18162.5    18091
read      574.5   851.2    93.8   224.9   257.5   431.4   529.4   597.3   657.9   740.5   868.5  1169.7  3204.1  9201.8 31938.5  99353.8    99427
read      540.7   854.6    93.8   207.7   235.4   386.1   473.1   534.0   585.9   664.4   822.1  1293.9  3292.3  8825.7 31973.2  83045.4    83040
read      553.6   873.9    93.8   221.7   250.3   406.9   497.6   560.4   614.6   689.9   819.9  1155.8  3413.7  9209.8 32078.3  99164.9    99355
read      569.5   777.1    93.8   194.4   223.7   470.4   586.6   658.8   720.8   803.7   914.6  1093.6  2443.3  7991.7 31607.8  25737.9    25742
read      479.4   601.7    93.8   180.3   207.7   368.4   474.8   541.7   593.9   663.2   781.3  1056.2  2079.1  5990.2 28742.4  58307.2    58482
read      479.1   543.4    93.8   184.4   212.1   373.6   484.8   549.3   601.3   665.8   776.4  1026.4  1997.3  5511.6 24517.8  52441.9    52445
read      484.8   564.2    93.8   183.8   210.8   377.4   495.2   560.3   610.5   676.3   789.8  1039.0  2041.7  5733.4 20493.3  40009.8    39976
read      471.6   571.5    93.8   194.0   220.2   361.9   458.3   521.3   571.4   639.1   757.1  1023.3  2044.6  5965.5 29099.4  65731.8    65714
read      533.2   861.3    93.8   204.3   232.9   386.5   469.7   526.2   573.9   641.5   772.9  1173.8  3526.3  8472.3 31879.5  85973.0    85849
read      524.5   880.9    93.8   210.0   236.1   379.4   463.1   520.3   568.6   636.9   766.1  1121.0  3266.8  9170.1 32212.0  86532.0    86593
read      472.6   572.9    93.8   179.3   207.6   365.2   468.7   534.2   584.1   650.7   770.2  1058.9  1960.7  5915.6 30240.3  54608.2    54564
read      491.5   565.3    93.8   192.6   219.0   388.1   511.2   574.5   622.1   686.5   802.2  1040.7  1959.6  5653.5 30211.5  39558.9    39577
read      518.7   669.4    93.8   191.8   220.7   452.6   552.9   603.0   637.9   681.5   748.9   859.9  2164.5  6374.8 30644.6  14362.4    14343
read      457.8   863.0   109.4   202.7   234.4   393.5   443.6   474.5   499.4   527.8   563.7   634.5  1916.6 10043.8 36920.8   6168.2     6139
read      475.6   538.3    93.8   199.3   224.3   366.0   461.7   526.3   578.2   648.7   776.0  1067.0  1984.9  5733.2 22477.7  67420.2    67434
read      514.3   756.4   101.3   189.6   217.3   436.2   538.6   592.6   631.2   676.4   744.3   857.7  2226.8  6362.2 31725.1  15282.3    15213
read      543.3   904.0    93.8   202.2   230.6   382.9   468.8   530.3   583.9   665.7   826.2  1366.6  3431.6  9001.2 32423.4  84611.8    84735
read      486.5   574.0    93.8   200.5   225.8   368.1   458.9   520.3   571.4   640.6   772.2  1100.9  2361.0  5876.5 20438.4  76415.5    76404
read      568.3   919.4    93.8   218.7   248.6   412.3   509.3   578.5   636.8   720.9   854.2  1186.7  3510.0  9990.4 32341.1  96217.5    96170
read      488.3   599.9    93.8   198.6   224.3   366.9   457.9   519.1   568.8   637.8   768.7  1119.2  2389.2  6428.4 25914.7  73721.5    73743
read      563.1   765.1    93.8   186.9   216.1   440.9   570.9   641.9   701.8   800.5   956.4  1197.1  2554.5  7999.1 31684.4  30549.8    30666
read      472.6   618.3    93.8   186.7   212.8   360.7   462.3   527.7   577.0   640.4   748.3  1016.9  2093.2  6350.5 30556.4  57023.1    57058
read      470.9   548.8    93.8   196.2   221.0   363.1   461.4   528.4   577.8   639.6   749.5   997.7  2061.7  5964.6 23964.5  62878.3    62785
read      467.2   570.2    93.8   182.5   209.2   361.7   461.1   525.5   575.7   639.2   751.6  1001.7  2017.9  6194.2 28043.3  62215.7    62130
read      489.0   655.2    93.8   187.4   214.5   366.2   457.0   519.4   571.3   644.6   789.5  1129.0  2366.1  6439.2 30859.7  73762.7    73914
read      460.7   569.0    93.8   178.1   204.5   360.8   465.8   530.4   578.0   638.6   738.8   971.0  1878.3  5655.6 26175.5  56654.6    56612
read      470.1   565.1    93.8   183.7   211.1   364.7   469.7   537.1   587.2   652.7   757.5  1001.8  1939.5  6232.6 22857.1  57370.0    57338
read      576.6   937.1    93.8   220.5   252.8   421.7   516.1   584.9   643.8   728.4   861.3  1184.3  3590.1 10193.4 32201.5  99886.1    99906
read      468.6   539.8    93.8   184.7   211.2   362.8   464.5   531.9   582.2   647.5   763.1  1027.0  1973.1  6121.0 19717.8  61099.6    61065
read      514.1   715.1    93.8   189.6   215.6   386.1   515.3   583.7   633.8   701.7   831.5  1126.1  2298.5  7604.6 31429.3  38088.0    38132
read      562.7   707.0    93.8   188.3   219.3   431.0   572.5   651.6   723.5   830.0   987.3  1261.2  2348.3  7512.5 31208.7  41302.6    41320
read      557.8   711.6    93.8   170.4   198.0   401.6   552.2   632.5   708.4   842.4  1064.3  1380.3  2448.4  7408.6 30831.4  39214.5    39242
read      546.9   874.9    93.8   204.3   232.4   382.1   469.8   533.1   587.5   672.9   845.2  1389.1  3456.4  8834.6 31956.1  83021.2    83059
read      529.4   607.7    93.8   187.1   215.9   438.0   560.7   631.1   689.4   771.1   867.0  1043.3  2109.3  5961.8 25777.5  26324.0    26336
read      472.1   572.9    93.8   183.1   210.3   360.5   461.1   529.0   580.8   648.9   768.9  1064.0  2030.0  6083.2 27464.5  61219.5    61300
read      444.6   599.1    86.8   196.8   224.0   357.8   430.5   478.0   515.8   566.6   643.2   825.8  1922.2  6976.5 30127.9  93674.5    93660
read      389.5   308.2    86.8   182.3   208.2   336.7   412.4   462.8   500.6   545.0   602.5   698.1  1124.0  3508.2  8736.3  65243.4    65334
read      393.3   293.4    93.8   188.5   211.9   336.1   417.8   471.5   509.8   552.7   609.5   706.1  1169.2  3419.6  9053.6  58758.4    58894
read      487.6   426.5    93.8   192.0   221.5   433.7   541.9   599.6   642.3   692.6   773.1   908.3  1324.1  5582.2 15779.1  29630.1    29662
read      403.7   507.1   109.4   199.1   229.1   377.9   423.4   450.4   469.8   495.3   529.3   589.2   922.2  5423.3 30185.5   5824.4     5808
read      391.8   318.9    86.8   199.7   223.8   339.1   403.8   448.3   482.3   524.9   584.2   699.7  1175.2  3387.0  8022.2  95474.9    95639
read      378.6   263.6    86.8   194.2   218.9   332.7   398.4   442.4   475.7   516.3   570.2   661.9  1015.9  3010.1  8334.1  86209.1    86335
read      381.2   286.8    86.8   193.0   217.9   332.3   399.0   444.3   478.4   520.2   575.5   672.6  1084.6  2610.7  8134.4  85180.2    85220
read      399.9   338.9    93.8   189.2   213.3   343.3   431.5   484.7   521.3   563.3   618.2   711.3  1115.9  3527.5  9389.2  52889.7    52894
read      379.4   319.4    86.8   190.0   214.4   330.8   398.4   443.4   477.3   518.5   572.9   667.2  1029.4  3005.5 10435.5  80887.7    80911
read      485.6   392.8    93.8   194.4   221.5   426.4   537.5   597.7   641.8   699.4   781.5   934.8  1385.0  4279.3 12411.8  31214.8    31316
read      498.2   505.1    86.8   188.5   217.9   397.0   517.9   589.5   645.4   727.2   851.7  1095.0  1840.0  5877.8 16667.6  53947.3    54124
read      499.1   528.1    86.8   186.6   216.6   406.6   525.1   593.1   650.7   729.4   848.9  1071.8  1718.8  6061.4 20305.2  53133.8    53152
read      393.1   288.1    86.8   186.8   210.4   335.9   418.2   470.6   508.2   552.2   612.2   722.4  1169.0  3164.2  8191.8  62543.9    62479
read      397.1   318.0    86.8   186.4   210.4   342.1   432.0   484.1   519.8   560.7   614.6   711.9  1136.5  3170.1  7075.8  51299.5    51223
read      485.0   492.7    93.8   190.8   220.6   436.7   540.7   597.2   635.1   686.1   751.7   870.7  1249.4  6018.3 28189.6  25178.7    25168
read      396.4   281.7    93.8   190.8   219.3   348.3   415.2   457.9   491.7   533.6   590.8   706.0  1279.0  3099.9  7617.8  99159.4    99184
read      380.9   255.7    86.8   192.1   218.5   338.4   402.9   444.7   475.7   515.1   568.4   659.9  1018.3  2993.3  6857.7  90957.1    91048
read      393.6   338.8    93.8   183.2   209.5   339.0   421.2   470.5   505.9   546.6   596.8   688.7  1141.4  4032.6  9345.9  57889.2    57941
read      375.7   302.9    93.8   185.7   211.4   328.4   396.1   438.9   471.2   511.8   566.1   657.8  1009.5  3279.7  8819.3  82217.5    82238
read      473.3   507.1    93.8   190.9   221.2   441.5   527.9   569.3   598.0   636.4   695.0   781.0  1213.9  6146.9 20770.3  15832.6    15783
read      389.9   369.9    86.8   171.7   197.7   334.6   417.4   467.5   503.3   545.7   600.9   705.3  1159.4  4313.4 11094.7  62684.5    62638
read      381.5   287.1    86.8   180.4   206.6   333.0   405.5   452.7   487.3   529.5   583.7   678.5  1068.9  3034.3  8047.3  72025.3    72072
read      393.4   322.8    86.8   184.7   209.1   335.1   419.4   470.7   507.3   549.8   603.8   705.6  1177.8  3964.4  8463.1  59024.7    58970
read      384.6   312.1    93.8   188.0   212.8   337.3   406.3   452.1   485.9   526.9   581.4   675.4  1044.5  3269.6 11062.5  80078.5    80048
read      393.1   309.4    86.8   180.9   207.1   338.6   419.2   468.8   506.1   549.5   608.3   710.9  1161.4  3506.1 10072.5  65841.4    65921
read      398.3   336.3    93.8   185.0   209.8   341.3   430.6   482.3   518.9   561.6   615.6   711.2  1117.7  3864.4 11132.4  54733.0    54854
read      396.0   332.6    93.8   185.4   209.9   339.0   426.1   477.0   513.7   556.3   611.3   711.3  1147.1  3559.0 10039.1  56605.0    56548
read      406.4   347.2    86.8   189.0   212.4   350.6   450.1   499.7   534.1   573.5   624.9   719.1  1088.0  3957.3  9460.0  39952.7    40027
read      386.9   322.0    86.8   179.2   205.3   333.1   411.3   461.7   498.7   542.5   598.8   697.0  1097.7  3730.9 10444.2  66601.2    66638
read      494.6   458.9    86.8   187.4   219.0   443.5   549.6   611.7   658.6   713.1   787.8   933.7  1335.0  4723.9 18979.2  31993.7    32005
read      503.0   488.9    86.8   185.1   215.8   419.6   537.2   605.8   662.9   732.8   838.1  1046.1  1707.6  5751.4 14660.3  48813.2    48830
read      413.5   496.6   101.3   202.8   235.7   382.7   434.6   461.6   481.3   505.1   538.8   592.8   977.2  8033.7 15791.2   6192.4     6161
read      396.1   354.3    86.8   174.6   201.7   339.5   424.7   476.5   514.3   558.3   616.4   715.8  1189.0  4056.8 12392.4  56206.4    56344
read      472.0   576.1    86.8   186.6   216.9   437.5   524.0   571.0   605.6   648.4   702.4   790.3  1282.0  5802.3 31310.1  17591.4    17598
read      381.7   300.9    86.8   184.5   209.9   328.8   398.3   442.4   476.5   518.9   575.2   678.0  1244.2  3855.6  7987.0  83056.7    83020

Total QPS = 52302.9 (94145264 / 1800.0s)

Total connections = 64
Misses = 0 (0.0%)
Skipped TXs = 0 (0.0%)

RX 23253879961 bytes :   12.3 MB/s
TX          0 bytes :    0.0 MB/s
Warning! Detected max cpu usage > 95%
CPU Usage Stats (avg/min/max): 99.94%,47.21%,100.00%




ubuntu@memcache-server-dk5c:~$ sudo docker ps -a
CONTAINER ID        IMAGE                                          COMMAND                  CREATED             STATUS                      PORTS               NAMES
ef64bb9d876f        anakli/parsec:freqmine-native-reduced          "./bin/parsecmgmt -a…"   7 minutes ago       Exited (0) 9 seconds ago                        parsec-freqmine
f95a3e221e6f        anakli/parsec:dedup-native-reduced             "./bin/parsecmgmt -a…"   12 minutes ago      Exited (0) 10 minutes ago                       parsec-dedup
737fdab5de23        anakli/parsec:ferret-native-reduced            "./bin/parsecmgmt -a…"   19 minutes ago      Exited (0) 7 minutes ago                        parsec-ferret
c6759c3f407d        anakli/parsec:canneal-native-reduced           "./bin/parsecmgmt -a…"   20 minutes ago      Exited (0) 12 minutes ago                       parsec-canneal
3e164ae86228        anakli/parsec:splash2x-fft-native-reduced      "./bin/parsecmgmt -a…"   24 minutes ago      Exited (0) 20 minutes ago                       parsec-fft
703a3a973335        anakli/parsec:blackscholes-native-reduced      "./bin/parsecmgmt -a…"   24 minutes ago      Exited (0) 19 minutes ago                       parsec-blackscholes
607fe35306c9        protokube:1.19.3                               "/protokube --bootst…"   24 minutes ago      Up 24 minutes                                   protokube
dc75459557d4        42e4387da83f                                   "/monitor --stackdri…"   24 minutes ago      Up 24 minutes                                   k8s_prometheus-to-sd-exporter_metadata-proxy-v0.12-qg5zl_kube-system_af0d48a2-56bc-441e-bdfd-ab0abfdaf450_0
f30ea8bf441b        461ad693d7a3                                   "./proxy"                24 minutes ago      Up 24 minutes                                   k8s_metadata-proxy_metadata-proxy-v0.12-qg5zl_kube-system_af0d48a2-56bc-441e-bdfd-ab0abfdaf450_0
229ec77a1fb5        gcr.io/google_containers/k8s-custom-iptables   "/bin/sh -c '/sbin/i…"   24 minutes ago      Exited (0) 24 minutes ago                       k8s_update-ipdtables_metadata-proxy-v0.12-qg5zl_kube-system_af0d48a2-56bc-441e-bdfd-ab0abfdaf450_0
cf209cdb7ef4        2e1deb7977f9                                   "/sidecar --v=2 --lo…"   24 minutes ago      Up 24 minutes                                   k8s_sidecar_kube-dns-696cb84c7-79mcq_kube-system_08a70aba-2878-4f03-9c2c-a918d4e09a8e_0
970e31cfd12a        c84ca8f78ee6                                   "/dnsmasq-nanny -v=2…"   24 minutes ago      Up 24 minutes                                   k8s_dnsmasq_kube-dns-696cb84c7-79mcq_kube-system_08a70aba-2878-4f03-9c2c-a918d4e09a8e_0
1de5d9e5be01        1fbe4f989050                                   "/kube-dns --config-…"   24 minutes ago      Up 24 minutes                                   k8s_kubedns_kube-dns-696cb84c7-79mcq_kube-system_08a70aba-2878-4f03-9c2c-a918d4e09a8e_0
e76c7acbb0f4        9d368f4517bb                                   "/usr/local/bin/kube…"   24 minutes ago      Up 24 minutes                                   k8s_kube-proxy_kube-proxy-memcache-server-dk5c_kube-system_8a38cd081bdd14a9b54a4de8604ec1fd_0
90d414a12407        k8s.gcr.io/pause:3.2                           "/pause"                 24 minutes ago      Up 24 minutes                                   k8s_POD_kube-dns-696cb84c7-79mcq_kube-system_08a70aba-2878-4f03-9c2c-a918d4e09a8e_0
89a428808a17        k8s.gcr.io/pause:3.2                           "/pause"                 24 minutes ago      Up 24 minutes                                   k8s_POD_metadata-proxy-v0.12-qg5zl_kube-system_af0d48a2-56bc-441e-bdfd-ab0abfdaf450_0
1bb86825bf9f        k8s.gcr.io/pause:3.2                           "/pause"                 24 minutes ago      Up 24 minutes                                   k8s_POD_kube-proxy-memcache-server-dk5c_kube-system_8a38cd081bdd14a9b54a4de8604ec1fd_0
