################ 1 thread, 1 core ################
run 1

ubuntu@client-measure-mmd1:~/memcache-perf-dynamic$ ./mcperf -s 10.156.15.213 -a 10.156.15.215 --noload -T 16 -C 4 -D 4 -Q 1000 -c 4 -t 5 --scan 5000:120000:5000
#type       avg     std     min      p5     p10     p50     p67     p75     p80     p85     p90     p95     p99    p999   p9999      QPS   target       ts_start         ts_end
read      267.0   373.6    86.8   143.6   157.2   235.8   276.6   296.9   311.7   329.4   354.6   400.5   543.8  6411.9 12827.5   4889.8     5000  1652258460533  1652258465892
read      256.5  1414.4    80.4   131.6   143.7   201.8   233.0   253.4   268.9   287.6   312.2   354.4   470.4  4184.0 63422.9   9836.9    10000  1652258467453  1652258472794
read      553.5  4533.3    80.4   126.5   137.7   189.4   216.7   234.7   250.5   269.8   295.4   343.4   538.7 62088.1 64723.3  14837.8    15000  1652258474345  1652258479639
read     2511.5 11503.1    80.4   130.6   142.9   199.0   226.5   244.8   260.5   282.6   319.7   454.8 60972.8 64626.7 64992.1  19419.8    20000  1652258481189  1652258486480
read     3037.4 12709.9    80.4   129.5   141.5   196.9   224.7   243.5   260.2   284.9   331.3   606.6 61938.6 64902.1 69697.3  20661.1    25000  1652258488036  1652258493330
read     3011.1 12663.7    80.4   127.0   138.9   193.4   220.4   238.2   254.1   277.3   319.1   570.0 61975.3 64828.0 70883.8  21015.5    30000  1652258494885  1652258500171
read     2903.2 12440.2    80.4   125.3   135.8   185.7   211.4   229.0   244.5   267.0   307.6   506.2 61174.0 64679.8 66756.9  21787.0    35000  1652258501730  1652258507012
read     2949.2 12530.2    80.4   126.9   138.1   189.6   215.9   233.3   249.0   270.9   311.0   512.1 61421.5 64705.3 68394.8  21446.5    40000  1652258508570  1652258513853
read     2922.8 12479.5    80.4   125.9   136.9   188.1   215.1   232.7   248.4   269.8   307.8   489.7 61090.9 64676.3 66681.3  21570.3    45000  1652258515410  1652258520695
read     2934.9 12496.0    80.4   127.7   138.2   187.7   213.9   231.3   247.0   269.8   312.4   530.5 61106.7 64625.1 64977.0  21627.6    50000  1652258522249  1652258527542
read     2945.4 12529.4    80.4   126.4   137.2   189.4   215.7   233.3   248.9   270.4   309.2   515.3 61579.7 64757.7 68279.0  21437.5    55000  1652258529098  1652258534382
read     2930.3 12492.5    80.4   125.5   136.3   186.8   214.4   232.7   249.3   272.7   316.7   523.0 61214.1 64674.1 65504.8  21559.5    60000  1652258535933  1652258541265
read     2948.4 12519.6    80.4   127.5   138.0   189.3   215.8   233.6   249.6   271.8   314.5   566.6 61255.9 64770.4 68815.1  21397.1    65000  1652258542789  1652258548356
read     2987.4 12609.1    80.4   128.5   139.3   191.3   218.0   236.0   252.4   275.0   319.1   533.4 61702.2 64730.1 66751.9  21190.4    70000  1652258549885  1652258555176
read     2924.2 12482.2    80.4   126.8   137.5   187.3   213.1   230.1   244.7   266.0   305.1   495.8 61229.0 64649.9 64992.0  21651.8    75000  1652258556729  1652258562004
read     2935.2 12506.2    80.4   127.3   138.1   188.0   214.4   232.0   247.7   269.2   308.2   507.7 61292.2 64668.6 65006.3  21449.0    80000  1652258563565  1652258568840
read     3008.5 12659.1    80.4   128.5   140.0   193.9   221.2   239.1   254.8   276.6   316.7   544.8 61803.4 64881.1 69647.6  20961.0    85000  1652258570400  1652258575678
read     2992.6 12627.2    80.4   127.8   138.9   191.6   218.6   236.2   252.0   273.6   314.5   554.4 61702.0 64771.2 68372.2  21166.2    90000  1652258577233  1652258582534
read     2945.3 12528.4    80.4   126.0   137.3   189.5   216.2   233.6   249.3   271.4   310.4   507.9 61734.7 64755.0 69302.4  21422.7    95000  1652258584090  1652258589372
read     2913.5 12459.6    80.4   127.5   137.9   187.7   213.7   230.6   245.1   265.9   302.7   495.2 60723.9 64594.0 64981.0  21671.3   100000  1652258590929  1652258596206
read     2949.4 12531.9    74.4   126.5   137.5   189.2   215.8   233.2   249.3   271.6   313.0   540.1 61190.7 64711.8 67877.6  21419.3   105000  1652258597766  1652258603069
read     2928.7 12489.3    80.4   127.7   138.6   188.9   214.9   231.9   247.1   268.8   309.2   502.5 61183.7 64710.8 68432.4  21491.0   110000  1652258604625  1652258609897
read     2939.2 12514.5    80.4   127.7   138.2   187.3   214.1   231.8   247.4   270.0   311.7   529.4 61200.6 64821.4 69532.1  21548.8   115000  1652258611461  1652258616760
read     2885.7 12408.0    80.4   125.4   135.8   184.7   210.5   227.8   242.6   264.6   302.8   479.3 61459.1 64759.3 68960.1  21844.6   120000  1652258618301  1652258623584
Warning! Detected max cpu usage > 95%
CPU Usage Stats (avg/min/max): 86.47%,69.50%,100.00%

run 2

ubuntu@client-measure-mmd1:~/memcache-perf-dynamic$ ./mcperf -s 10.156.15.213 -a 10.156.15.215 --noload -T 16 -C 4 -D 4 -Q 1000 -c 4 -t 5 --scan 5000:120000:5000
#type       avg     std     min      p5     p10     p50     p67     p75     p80     p85     p90     p95     p99    p999   p9999      QPS   target       ts_start         ts_end
read      268.9   456.4    86.8   140.9   154.6   231.3   267.7   287.0   300.4   317.2   341.6   393.2   582.0  7817.0 15390.2   4885.4     5000  1652260770253  1652260775624
read      246.6  1034.5    80.4   133.2   145.0   203.9   235.0   255.3   270.9   289.7   313.9   359.3   514.0  4384.9 61049.2   9787.6    10000  1652260777266  1652260782605
read      566.8  4620.8    80.4   127.8   138.8   192.0   218.7   235.8   250.3   267.6   291.0   336.0   541.8 62146.2 64914.3  14802.5    15000  1652260784157  1652260789461
read     1882.0  9884.2    80.4   127.5   137.8   186.8   212.4   229.0   242.8   262.2   292.6   372.7 59649.3 64578.5 69058.7  19690.4    20000  1652260791013  1652260796312
read     2896.4 12414.1    80.4   127.4   138.0   188.7   215.1   232.5   247.5   268.5   306.2   501.9 61129.3 64653.4 65005.8  21513.4    25000  1652260797870  1652260803170
read     2936.4 12506.0    80.4   127.0   137.9   188.8   215.2   232.8   248.5   270.2   309.9   509.7 61489.4 64784.7 68804.7  21693.6    30000  1652260804729  1652260810007
read     2905.1 12439.6    80.4   126.1   137.0   187.3   213.9   231.5   246.8   268.7   308.3   506.4 60929.8 64627.7 64997.5  21775.5    35000  1652260811569  1652260816856
read     2966.6 12566.2    80.4   128.6   139.3   191.5   218.4   235.9   252.1   274.4   318.0   534.5 61529.5 64776.4 68667.5  21261.3    40000  1652260818416  1652260823699
read     2913.8 12465.0    74.4   126.0   136.9   187.6   213.6   230.6   245.5   267.1   304.7   484.6 61477.0 64697.5 65479.9  21699.1    45000  1652260825257  1652260830557
read     2934.4 12504.0    74.4   126.3   137.3   189.3   216.0   233.6   249.1   270.1   307.6   505.9 61462.7 64808.8 69042.0  21463.9    50000  1652260832109  1652260837422
read     2879.0 12390.0    80.4   125.0   135.8   185.8   211.5   228.5   242.8   264.0   300.6   483.8 61371.0 64663.5 64992.8  22074.7    55000  1652260838973  1652260844254
read     2896.5 12424.0    80.4   125.7   136.3   185.3   212.1   229.7   244.7   266.8   306.5   500.1 61178.7 64657.7 65005.6  21746.4    60000  1652260845817  1652260851125
read     2849.8 12332.4    80.4   123.4   133.7   183.2   209.4   226.6   240.7   261.9   297.7   460.4 61157.1 64897.5 72467.8  22349.2    65000  1652260852681  1652260857968
read     2952.9 12534.8    80.4   127.7   138.3   191.2   218.2   236.0   252.4   275.2   316.8   531.9 61260.5 64669.0 65009.8  21400.6    70000  1652260859525  1652260864809
read     2870.5 12367.9    80.4   125.2   135.8   184.8   210.6   227.9   242.3   263.3   299.6   479.6 60661.0 64598.3 64992.0  22035.5    75000  1652260866365  1652260871648
read     2930.9 12495.0    80.4   127.9   138.7   188.7   214.9   232.4   248.0   269.7   308.3   497.1 61578.5 64706.9 65512.2  21617.0    80000  1652260873209  1652260878487
read     2943.4 12529.9    74.4   126.8   137.3   188.3   214.9   232.6   248.2   270.2   311.8   532.1 61737.0 64898.6 69695.9  21443.5    85000  1652260880046  1652260885341
read     2902.1 12437.4    80.4   125.5   136.2   186.5   212.6   229.4   243.9   265.3   304.2   499.7 61295.0 64797.1 69392.2  21884.1    90000  1652260886897  1652260892187
read     2924.5 12487.4    80.4   127.7   138.5   188.7   214.5   231.2   245.6   265.9   301.1   482.7 61366.3 64806.0 69972.9  21553.0    95000  1652260893741  1652260899017
read     2866.3 12364.2    80.4   126.0   136.3   184.5   209.7   226.1   239.3   258.9   293.9   461.5 61172.5 64698.3 67463.2  22021.3   100000  1652260900576  1652260905881
read     2869.5 12370.1    80.4   125.0   135.5   184.4   209.7   226.4   240.0   261.0   297.5   491.4 61201.0 64789.8 69378.7  22065.8   105000  1652260907412  1652260912713
read     2921.3 12478.4    80.4   126.9   137.6   187.5   213.7   230.7   245.2   265.8   302.3   505.9 61272.2 64682.4 65934.4  21589.6   110000  1652260914257  1652260919531
read     2900.7 12431.0    80.4   127.0   137.1   185.6   211.3   228.6   243.3   264.9   304.0   505.9 60919.7 64664.3 66849.9  21829.0   115000  1652260921092  1652260926382
read     2907.2 12446.1    80.4   126.1   136.7   185.9   211.8   229.4   244.6   266.7   308.0   518.5 61020.3 64656.3 65689.6  21768.3   120000  1652260927936  1652260933225
Warning! Detected max cpu usage > 95%
CPU Usage Stats (avg/min/max): 86.30%,60.20%,100.00%

run 3

ubuntu@client-measure-mmd1:~/memcache-perf-dynamic$ ./mcperf -s 10.156.15.213 -a 10.156.15.215 --noload -T 16 -C 4 -D 4 -Q 1000 -c 4 -t 5 --scan 5000:120000:5000
#type       avg     std     min      p5     p10     p50     p67     p75     p80     p85     p90     p95     p99    p999   p9999      QPS   target       ts_start         ts_end
read      279.8   397.6    80.4   146.3   161.8   244.0   282.1   301.9   316.2   335.9   364.5   419.2   599.1  6281.1 13789.5   4926.6     5000  1652260978008  1652260983383
read      287.8  1679.8    80.4   133.6   147.3   211.4   244.7   266.0   281.8   301.4   329.5   378.6   548.7 12122.2 63422.4   9824.9    10000  1652260984932  1652260990254
read      591.8  4738.4    86.8   127.7   138.4   192.0   220.2   238.2   253.1   271.8   296.8   346.2   624.8 62022.8 64716.8  14806.0    15000  1652260991804  1652260997140
read     1915.7  9979.1    80.4   127.3   137.6   186.8   212.6   229.3   243.0   262.1   292.6   373.3 59635.5 64365.0 64956.9  19666.1    20000  1652260998681  1652261003979
read     2860.0 12343.4    80.4   127.7   137.9   186.7   212.5   229.4   243.8   264.7   302.0   466.8 61292.9 64693.4 66654.5  21779.1    25000  1652261005528  1652261010831
read     2840.0 12306.2    74.4   123.6   133.9   182.7   208.4   225.9   240.5   262.2   299.2   469.2 60395.3 64648.9 67885.7  22183.1    30000  1652261012384  1652261017684
read     2833.7 12291.0    80.4   123.6   133.7   181.5   207.1   224.4   238.0   259.3   295.8   462.2 61242.5 64700.3 68816.3  22321.8    35000  1652261019243  1652261024520
read     2852.0 12334.5    80.4   124.8   135.1   182.7   207.9   224.9   238.6   259.5   295.2   483.1 60804.5 64674.7 67695.3  22098.5    40000  1652261026080  1652261031357
read     2834.1 12303.1    80.4   124.1   134.4   182.7   207.9   224.5   237.6   257.2   290.6   449.7 61170.5 66492.9 74138.0  22296.7    45000  1652261032917  1652261038205
read     2871.7 12375.1    80.4   125.1   135.5   184.9   210.7   227.5   241.5   262.3   298.4   479.6 61007.6 64767.7 69317.2  22027.0    50000  1652261039757  1652261045052
read     2870.1 12377.3    80.4   126.6   136.3   183.6   209.1   226.4   240.8   262.2   299.5   498.6 61564.7 65002.2 70054.3  22043.0    55000  1652261046608  1652261051901
read     2916.5 12472.1    80.4   125.7   136.2   187.2   214.1   231.6   246.7   268.1   305.8   500.5 61408.5 64854.1 69315.6  21647.9    60000  1652261053460  1652261058745
read     2852.4 12332.6    80.4   123.6   134.0   182.4   207.6   224.6   238.3   259.1   296.4   487.4 60653.5 64611.7 65007.6  22206.7    65000  1652261060293  1652261065573
read     2861.8 12356.1    80.4   123.7   134.0   182.7   208.3   225.5   239.8   261.0   300.1   480.2 61277.1 64820.7 69184.7  22189.8    70000  1652261067128  1652261072412
read     2914.6 12463.1    80.4   127.6   137.9   186.8   212.6   229.5   243.8   264.6   301.9   496.4 61122.3 64652.5 65005.6  21640.8    75000  1652261073968  1652261079235
read     2876.5 12383.9    80.4   125.7   136.0   184.9   210.8   227.9   242.2   263.1   298.3   486.1 61208.6 64737.2 68415.2  21993.3    80000  1652261080805  1652261086090
read     2874.0 12378.1    80.4   125.3   135.6   184.4   210.2   227.2   241.4   262.1   296.2   480.7 60784.6 64592.9 64973.8  22021.0    85000  1652261087641  1652261092930
read     2862.9 12359.7    74.4   125.4   136.2   184.9   210.0   226.5   239.7   258.9   292.1   454.2 61086.7 64825.1 69557.1  22029.8    90000  1652261094485  1652261099764
read     2946.9 12532.0    80.4   127.8   138.7   189.9   216.4   233.9   249.8   271.2   311.3   535.8 61680.3 64834.6 69482.1  21569.9    95000  1652261101321  1652261106613
read     2932.4 12499.2    80.4   127.6   137.9   187.5   214.4   232.2   248.2   270.6   312.6   527.9 61548.4 64739.7 69280.4  21608.7   100000  1652261108157  1652261113434
read     2931.5 12492.2    80.4   127.0   137.3   187.3   214.0   231.9   247.9   270.9   313.3   536.5 61364.4 64653.9 64982.9  21684.1   105000  1652261114992  1652261120276
read     2857.1 12349.3    80.4   124.5   134.8   182.5   208.3   226.1   241.2   263.5   303.9   485.5 60889.6 64738.0 69844.3  22096.9   110000  1652261121829  1652261127127
read     2909.2 12450.4    80.4   125.0   135.3   184.5   211.4   230.2   247.0   271.1   317.3   541.9 61680.3 64764.2 68253.5  21778.3   115000  1652261128681  1652261133958
read     2954.2 12541.5    74.4   128.6   139.2   189.9   216.6   234.1   249.9   272.2   314.4   519.7 61413.0 64704.5 66707.0  21448.0   120000  1652261135520  1652261140800
Warning! Detected max cpu usage > 95%
CPU Usage Stats (avg/min/max): 85.57%,42.79%,100.00%



################ 1 thread, 2 cores ################

run 1

ubuntu@client-measure-mmd1:~/memcache-perf-dynamic$ ./mcperf -s 10.156.15.213 -a 10.156.15.215 --noload -T 16 -C 4 -D 4 -Q 1000 -c 4 -t 5 --scan 5000:120000:5000
#type       avg     std     min      p5     p10     p50     p67     p75     p80     p85     p90     p95     p99    p999   p9999      QPS   target       ts_start         ts_end
read      310.6   803.2    93.8   156.3   172.5   268.2   307.2   326.3   340.3   357.7   380.3   423.5   662.3  9634.8 32117.1   5014.0     5000  1652258717979  1652258723348
read      262.8   388.5    86.8   146.9   161.0   235.8   277.7   301.4   317.3   335.6   358.4   395.2   511.7  3950.0 27896.3   9930.6    10000  1652258724873  1652258730204
read      243.2   418.6    80.4   139.7   152.6   217.1   251.7   274.0   291.7   311.8   336.8   374.4   478.2  2586.9 28895.0  14896.2    15000  1652258731708  1652258736991
read      253.9   890.8    86.8   136.8   148.9   207.6   236.2   255.9   271.7   290.7   314.8   352.8   460.8  9823.9 29904.7  19817.9    20000  1652258738530  1652258743848
read      377.2  2053.3    80.4   138.1   149.9   206.8   234.2   252.7   268.1   287.9   314.5   362.3   555.2 29764.9 31603.1  24900.1    25000  1652258745354  1652258750646
read      600.5  3255.7    80.4   136.8   148.7   203.2   229.1   245.6   259.0   276.3   302.9   357.1 28428.7 30059.4 32372.0  29986.8    30000  1652258752197  1652258757514
read     1173.8  5088.2    80.4   138.5   150.4   205.7   231.9   249.7   264.7   285.4   320.8   434.7 29511.5 31356.0 40460.9  35026.2    35000  1652258759018  1652258764296
read     1386.0  5617.7    80.4   133.1   144.2   196.7   222.1   237.9   252.0   271.5   306.7   457.3 29621.8 30800.1 32452.7  39328.0    40000  1652258765825  1652258771109
read     1561.2  6005.0    80.4   134.5   145.7   198.3   223.8   240.5   254.8   275.2   315.8   632.1 29703.9 31265.3 33523.2  40377.8    45000  1652258772636  1652258777938
read     1579.8  6041.8    86.8   134.6   146.0   198.8   224.5   241.0   254.9   275.7   316.9   921.7 29708.8 31188.0 36028.8  40363.2    50000  1652258779445  1652258784744
read     1548.5  5985.5    80.4   131.3   142.8   194.8   219.1   234.8   249.1   268.8   306.1   589.8 29718.7 31503.6 32459.4  40960.5    55000  1652258786281  1652258791553
read     1619.9  6113.3    80.4   136.5   149.2   205.0   231.0   248.2   262.9   284.2   327.4 19500.2 29716.8 31137.6 36127.4  39341.1    60000  1652258793073  1652258798367
read     1625.7  6122.9    80.4   137.4   149.6   204.7   230.6   247.8   262.5   284.4   329.8 23992.4 29738.0 31601.1 36625.6  39302.5    65000  1652258799901  1652258805201
read     1596.7  6070.4    80.4   136.5   148.3   201.7   227.2   243.8   257.6   278.1   319.5  2565.8 29723.9 31473.0 35118.0  39980.8    70000  1652258806713  1652258811995
read     1556.2  6014.6    80.4   133.4   145.0   197.4   222.2   237.4   251.3   270.5   304.2   563.1 29802.4 32151.9 40588.3  41009.1    75000  1652258813521  1652258818835
read     1576.0  6032.8    80.4   133.7   145.1   198.9   224.4   240.8   254.8   275.3   315.0   747.3 29710.4 31369.0 35777.7  40378.2    80000  1652258820338  1652258825621
read     1605.0  6085.2    74.4   137.4   149.0   202.9   228.7   245.4   259.7   280.3   319.0  4875.2 29697.4 30666.3 37583.6  39582.5    85000  1652258827153  1652258832443
read     1581.6  6056.3    86.8   134.4   146.1   199.2   224.7   240.7   254.4   274.3   312.7  1094.2 29772.8 32078.3 38597.6  40287.1    90000  1652258833950  1652258839237
read     1565.3  6025.7    80.4   133.1   144.7   197.7   223.0   239.3   253.7   273.9   312.4   643.9 29703.3 31369.4 38146.1  40893.6    95000  1652258840757  1652258846046
read     1558.8  6003.5    80.4   132.8   144.2   196.3   220.7   235.6   250.0   269.6   306.0   625.8 29704.0 31290.7 36440.8  41029.5   100000  1652258847561  1652258852862
read     1538.5  5968.7    80.4   130.5   141.7   193.5   217.7   233.5   247.4   266.9   303.7   589.8 29748.9 31953.0 36952.7  41444.8   105000  1652258854369  1652258859653
read     1561.6  6010.8    86.8   133.3   144.5   195.8   220.3   235.8   250.7   270.9   310.8   671.0 29690.4 30807.4 39366.1  40760.5   110000  1652258861177  1652258866454
read     1558.1  6002.6    80.4   133.0   144.2   195.7   220.3   236.1   251.1   271.9   312.6   627.6 29694.6 30955.4 37492.6  40999.0   115000  1652258867980  1652258873261
read     1600.5  6088.1    86.8   137.1   148.4   200.6   226.2   242.6   256.7   277.5   317.8  4123.4 29755.4 31923.9 37936.0  39976.7   120000  1652258874792  1652258880070
Warning! Detected max cpu usage > 95%
CPU Usage Stats (avg/min/max): 64.50%,1.50%,100.00%


run 2

ubuntu@client-measure-mmd1:~/memcache-perf-dynamic$ ./mcperf -s 10.156.15.213 -a 10.156.15.215 --noload -T 16 -C 4 -D 4 -Q 1000 -c 4 -t 5 --scan 5000:120000:5000
#type       avg     std     min      p5     p10     p50     p67     p75     p80     p85     p90     p95     p99    p999   p9999      QPS   target       ts_start         ts_end
read      296.1   540.7    80.4   156.2   173.3   269.9   306.0   323.4   337.0   352.7   374.3   421.5   585.2  5677.7 31029.6   4959.0     5000  1652260373934  1652260379292
read      261.0   490.2    86.8   143.3   156.8   231.2   272.0   295.3   312.0   330.7   353.9   394.8   522.2  4012.8 30608.7   9950.8    10000  1652260380809  1652260386127
read      243.0   434.4    86.8   139.2   151.9   216.7   251.0   273.6   291.2   311.0   335.5   374.3   493.5  2510.4 28707.5  14778.2    15000  1652260387665  1652260392991
read      264.3  1007.5    80.4   137.9   150.0   210.0   240.1   260.8   276.8   297.1   322.2   363.0   480.5 28302.0 31170.6  19979.6    20000  1652260394495  1652260399781
read      329.7  1789.3    80.4   132.7   144.8   201.4   229.3   246.8   260.9   278.6   304.0   343.7   483.1 29641.0 31794.0  24853.6    25000  1652260401284  1652260406588
read      592.7  3221.3    74.4   137.5   149.0   201.7   227.9   244.7   258.5   276.2   303.4   356.1 28400.0 30020.4 32160.5  29910.7    30000  1652260408091  1652260413413
read     1019.4  4671.7    80.4   138.2   149.5   202.3   228.2   244.7   258.1   275.8   306.5   384.6 29345.1 30094.7 32270.6  34778.9    35000  1652260414920  1652260420217
read     1447.3  5754.0    80.4   134.3   145.7   198.9   224.9   241.3   255.3   276.2   314.2   480.0 29660.6 31208.4 32512.4  39053.6    40000  1652260421724  1652260427021
read     1531.3  5947.8    80.4   131.1   142.0   192.8   217.6   234.3   249.7   271.2   314.7   571.2 29690.4 31052.6 32512.1  41019.2    45000  1652260428524  1652260433819
read     1556.7  5996.1    80.4   132.5   143.7   195.7   220.8   236.6   251.8   272.4   313.6   622.3 29700.7 31159.5 32499.1  40714.4    50000  1652260435328  1652260440616
read     1578.8  6052.4    80.4   132.8   144.6   199.1   225.5   242.5   256.9   278.8   319.9   884.9 29798.9 32230.4 38510.7  40332.5    55000  1652260442128  1652260447415
read     1539.9  5967.2    80.4   130.7   141.8   194.4   219.6   235.8   250.9   271.5   310.3   545.0 29697.7 31162.6 32443.8  41362.6    60000  1652260448957  1652260454256
read     1581.3  6049.0    80.4   133.0   144.2   197.3   223.7   241.1   256.3   279.2   323.8  1014.0 29743.6 31730.7 36497.6  40382.1    65000  1652260455797  1652260461082
read     1588.0  6074.5    80.4   134.0   145.6   199.4   225.5   242.4   257.0   278.8   320.2   971.4 29805.0 32432.7 39941.0  40113.9    70000  1652260462597  1652260467881
read     1563.3  6012.4    80.4   130.8   142.3   195.8   221.2   237.1   252.2   272.9   313.7   750.8 29726.8 31544.6 32443.9  40741.0    75000  1652260469417  1652260474717
read     1584.8  6063.4    80.4   133.7   145.1   197.8   223.8   241.0   256.2   278.6   320.5   956.8 29774.4 32132.1 37611.0  40371.9    80000  1652260476223  1652260481504
read     1580.1  6037.6    86.8   133.0   144.3   197.0   223.0   240.5   255.8   279.5   324.4   997.5 29694.7 30771.4 32430.8  40398.8    85000  1652260483033  1652260488331
read     1591.5  6076.2    80.4   133.3   144.7   198.7   225.3   242.9   258.2   280.8   321.4  1407.6 29774.9 32057.4 37822.1  40063.1    90000  1652260489845  1652260495122
read     1567.3  6017.3    80.4   132.4   143.7   196.3   221.5   238.2   253.1   274.3   314.9   721.6 29681.2 30110.6 32394.4  40752.6    95000  1652260496661  1652260501941
read     1626.9  6121.5    80.4   137.3   149.1   204.5   230.9   249.1   265.1   287.6   327.9 24223.5 29714.2 31013.2 32485.3  39188.0   100000  1652260503445  1652260508728
read     1631.4  6144.1    86.8   135.7   148.3   205.5   232.3   250.8   267.2   290.7   333.7 24369.8 29716.4 31019.3 35270.1  39097.4   105000  1652260510257  1652260515552
read     1597.2  6071.9    74.4   133.8   145.2   198.7   225.1   243.2   259.5   284.3   332.0  2907.2 29710.8 31155.4 32523.7  40023.6   110000  1652260517061  1652260522359
read     1565.9  6012.5    80.4   131.0   142.5   196.3   222.4   239.5   254.3   275.6   316.5   726.0 29685.9 30458.7 32486.0  40789.2   115000  1652260523893  1652260529196
read     1591.2  6069.9    80.4   132.7   144.2   198.7   226.0   244.1   259.9   282.6   323.2  1106.9 29706.9 31052.8 36659.2  40147.8   120000  1652260530726  1652260536004
Warning! Detected max cpu usage > 95%
CPU Usage Stats (avg/min/max): 64.60%,2.00%,100.00%

run 3

ubuntu@client-measure-mmd1:~/memcache-perf-dynamic$ ./mcperf -s 10.156.15.213 -a 10.156.15.215 --noload -T 16 -C 4 -D 4 -Q 1000 -c 4 -t 5 --scan 5000:120000:5000
#type       avg     std     min      p5     p10     p50     p67     p75     p80     p85     p90     p95     p99    p999   p9999      QPS   target       ts_start         ts_end
read      306.3   660.0    93.8   156.2   172.7   272.3   312.4   332.4   345.4   362.0   382.8   423.0   585.5  6161.8 30556.6   4892.6     5000  1652260572082  1652260577481
read      267.3   520.0    86.8   141.8   155.7   232.1   276.1   302.8   321.1   342.7   368.6   409.2   538.3  4757.4 29031.2   9914.3    10000  1652260579025  1652260584387
read      259.0   687.2    86.8   139.5   152.2   217.8   252.9   276.6   295.8   319.1   347.5   390.7   513.9  5145.2 30725.9  14895.9    15000  1652260585909  1652260591235
read      270.9  1055.8    80.4   138.7   151.0   210.6   240.8   261.9   278.3   300.1   330.0   372.8   491.1 28422.6 30042.9  19999.2    20000  1652260592741  1652260598026
read      318.1  1676.0    86.8   133.7   145.2   200.5   227.6   244.8   258.7   276.4   302.7   347.8   488.6 29535.4 31502.4  24917.1    25000  1652260599536  1652260604845
read      566.6  3110.3    80.4   137.5   148.8   201.1   227.0   243.3   256.5   274.0   301.4   355.7 28268.9 30024.4 32150.8  29787.7    30000  1652260606352  1652260611660
read      984.4  4582.6    80.4   136.1   147.8   200.8   226.7   243.2   256.4   274.7   305.1   383.6 29325.2 30231.9 32475.7  34643.7    35000  1652260613164  1652260618441
read     1497.5  5865.9    80.4   135.5   147.1   200.2   226.3   243.4   258.5   280.7   321.3   548.6 29718.0 32075.5 37508.2  38976.9    40000  1652260619977  1652260625255
read     1590.2  6062.9    80.4   135.9   147.8   200.4   226.4   243.2   257.3   278.4   318.5  1246.8 29741.3 31710.6 36261.1  39629.4    45000  1652260626773  1652260632052
read     1589.8  6062.8    80.4   137.1   148.5   200.6   226.1   242.4   255.9   276.4   316.0  1554.0 29751.3 31857.4 36976.7  39952.6    50000  1652260633556  1652260638825
read     1572.4  6031.3    80.4   133.6   144.8   197.5   222.6   238.5   252.9   273.6   314.9   791.1 29701.5 31063.1 35233.5  40624.2    55000  1652260640364  1652260645655
read     1573.6  6028.8    80.4   133.6   144.8   197.5   222.9   239.6   254.3   276.6   322.0   849.1 29706.3 31278.8 36715.1  40365.3    60000  1652260647164  1652260652469
read     1600.0  6083.2    80.4   135.2   146.5   199.9   225.8   242.9   257.7   280.4   326.2  3001.7 29729.6 31724.1 39516.2  39876.9    65000  1652260653976  1652260659261
read     1602.6  6088.8    80.4   134.6   146.3   200.4   226.9   244.0   258.9   280.7   321.0  4028.9 29742.0 31658.4 36111.5  39918.1    70000  1652260660770  1652260666048
read     1637.7  6145.5    80.4   138.3   150.5   206.1   232.5   250.4   266.3   289.2   336.2 24483.1 29734.9 31488.4 36533.4  38957.4    75000  1652260667554  1652260672837
read     1612.5  6102.6    80.4   136.9   149.0   203.5   229.7   247.0   261.9   283.3   325.2 15082.2 29771.0 31908.7 36896.5  39655.9    80000  1652260674373  1652260679669
read     1564.6  6015.5    86.8   132.4   143.8   196.9   222.8   239.6   254.3   275.8   317.7   899.3 29732.3 31891.1 39682.2  40763.0    85000  1652260681180  1652260686472
read     1561.0  6007.0    80.4   132.0   143.3   196.0   220.8   236.1   250.7   270.4   307.4   730.8 29678.2 30109.2 35233.0  41011.8    90000  1652260687997  1652260693285
read     1560.1  6014.5    80.4   133.3   144.5   196.6   221.8   237.7   252.2   272.4   312.1   621.0 29746.6 31935.8 39356.6  40794.9    95000  1652260694793  1652260700085
read     1575.1  6037.3    80.4   135.0   145.9   197.6   222.7   238.9   252.9   272.9   311.4   803.3 29737.6 31680.2 33402.1  40431.9   100000  1652260701608  1652260706900
read     1567.8  6020.9    80.4   133.2   144.3   196.9   222.3   238.5   253.1   274.2   315.9   735.3 29724.4 31676.5 38126.2  40754.2   105000  1652260708424  1652260713724
read     1560.9  6012.7    80.4   133.7   144.9   195.8   220.1   235.7   250.5   271.0   310.4   764.6 29768.4 31975.6 36946.4  40942.3   110000  1652260715227  1652260720535
read     1579.0  6037.4    80.4   133.2   144.7   198.2   223.6   239.8   253.9   273.8   312.2   973.4 29679.2 30102.5 32196.2  40347.5   115000  1652260722039  1652260727346
read     1543.9  5978.4    80.4   132.3   143.4   194.9   219.5   235.3   250.0   269.7   306.4   567.8 29737.5 31857.9 37150.5  41301.9   120000  1652260728851  1652260734132
Warning! Detected max cpu usage > 95%
CPU Usage Stats (avg/min/max): 63.13%,1.52%,100.00%



################ 2 threads, 1 core ################
run 1

ubuntu@client-measure-mmd1:~/memcache-perf-dynamic$ ./mcperf -s 10.156.15.213 -a 10.156.15.215 --noload -T 16 -C 4 -D 4 -Q 1000 -c 4 -t 5 --scan 5000:120000:5000
#type       avg     std     min      p5     p10     p50     p67     p75     p80     p85     p90     p95     p99    p999   p9999      QPS   target       ts_start         ts_end
read      273.4   618.4    86.8   144.1   157.6   234.1   273.5   293.9   308.5   325.4   352.1   401.8   587.9  7801.0 16987.8   4862.4     5000  1652258959441  1652258964780
read      261.9  1525.1    74.4   129.8   141.6   201.1   233.4   255.0   271.8   291.8   316.9   361.8   488.5  4863.1 63420.4   9850.3    10000  1652258966345  1652258971672
read      651.0  5112.7    80.4   127.6   138.5   191.9   220.4   239.0   254.8   275.7   304.3   354.5   618.8 63024.3 64973.6  14796.7    15000  1652258973218  1652258978520
read     1886.7  9911.4    86.8   127.2   137.5   185.1   210.1   226.8   240.7   261.1   293.0   381.6 59906.2 64561.3 67512.8  19695.8    20000  1652258980064  1652258985349
read     2920.1 12471.6    80.4   128.7   139.0   187.8   214.3   231.8   248.1   271.2   313.1   521.6 61923.8 64802.7 68655.1  21475.9    25000  1652258986905  1652258992199
read     2947.7 12530.4    80.4   129.8   140.2   189.5   215.1   231.9   246.9   268.3   307.2   502.7 61607.1 64769.0 68956.2  21417.6    30000  1652258993757  1652258999056
read     2946.5 12523.1    80.4   126.2   137.0   188.7   215.6   233.8   250.5   273.6   316.1   545.0 61442.4 64673.6 64996.8  21437.2    35000  1652259000613  1652259005899
read     2972.3 12577.2    80.4   127.5   138.3   189.8   217.2   235.9   253.4   278.3   324.7   562.0 61856.6 64810.4 68824.3  21244.0    40000  1652259007469  1652259012768
read     2947.1 12527.1    80.4   128.5   139.1   190.1   216.8   234.4   250.7   273.0   314.0   508.6 61574.2 64706.7 65540.5  21453.0    45000  1652259014326  1652259019601
read     2916.3 12464.7    80.4   126.5   137.0   186.3   212.9   230.8   246.8   269.6   311.9   513.3 61087.8 64649.3 65005.5  21704.6    50000  1652259021165  1652259026446
read     2900.5 12435.5    80.4   125.6   136.4   186.3   212.8   230.2   245.6   268.0   308.5   500.2 61692.5 64832.8 69868.1  21683.5    55000  1652259027997  1652259033277
read     2889.2 12403.5    80.4   127.3   137.8   186.1   212.2   229.4   244.4   266.4   304.7   488.6 61389.3 64847.7 69291.6  21957.5    60000  1652259034837  1652259040113
read     2929.9 12488.8    80.4   128.4   139.0   187.9   213.9   231.4   247.3   270.4   313.4   523.9 61405.6 64667.1 64993.2  21526.2    65000  1652259041677  1652259046952
read     2874.7 12379.6    80.4   125.3   135.5   183.6   209.4   227.2   242.6   265.8   306.9   501.5 60998.4 64640.7 65004.9  21930.1    70000  1652259048513  1652259053793
read     2979.5 12593.4    80.4   127.7   138.5   189.7   217.0   235.3   252.8   278.5   326.9   558.0 61750.2 64780.1 68477.8  21284.2    75000  1652259055345  1652259060617
read     2913.6 12459.6    80.4   125.1   135.9   185.7   213.0   231.3   247.6   270.7   314.1   521.7 61336.4 64660.3 64992.7  21718.6    80000  1652259062177  1652259067472
read     2899.7 12434.9    74.4   126.9   137.3   185.1   211.2   228.6   243.7   266.5   308.0   504.5 61718.8 64910.3 69720.7  21808.6    85000  1652259069017  1652259074297
read     2894.8 12412.9    74.4   125.9   136.6   185.4   211.6   229.8   246.0   269.3   312.2   507.9 61190.5 64671.5 65448.4  21829.2    90000  1652259075861  1652259081151
read     2936.9 12508.8    80.4   129.3   139.9   189.9   215.8   233.0   248.3   270.0   310.9   500.7 61534.9 64800.8 69330.5  21496.1    95000  1652259082713  1652259087989
read     2929.8 12494.1    74.4   127.5   138.1   186.7   213.3   231.0   247.1   270.1   313.1   536.7 61657.9 64959.5 70742.9  21553.1   100000  1652259089549  1652259094823
read     2934.7 12503.4    74.4   129.3   139.7   188.9   214.9   232.0   247.1   268.2   307.4   500.3 61293.8 64684.5 65876.2  21498.4   105000  1652259096385  1652259101672
read     3011.5 12654.2    80.4   130.2   141.5   194.3   221.2   239.0   254.7   277.4   322.0   579.6 61671.5 64739.7 67468.9  20967.8   110000  1652259103229  1652259108500
read     3038.4 12709.3    80.4   131.8   143.7   196.7   223.6   241.7   257.2   280.9   323.6   635.0 61827.8 64753.0 67486.5  20838.5   115000  1652259110065  1652259115347
read     3007.4 12647.7    80.4   130.5   142.1   194.5   221.2   239.0   255.1   279.3   322.1   547.9 61876.5 64748.2 67581.8  21174.8   120000  1652259116901  1652259122181
Warning! Detected max cpu usage > 95%
CPU Usage Stats (avg/min/max): 84.25%,37.00%,100.00%


run 2

ubuntu@client-measure-mmd1:~/memcache-perf-dynamic$ ./mcperf -s 10.156.15.213 -a 10.156.15.215 --noload -T 16 -C 4 -D 4 -Q 1000 -c 4 -t 5 --scan 5000:120000:5000
#type       avg     std     min      p5     p10     p50     p67     p75     p80     p85     p90     p95     p99    p999   p9999      QPS   target       ts_start         ts_end
read      264.0   827.3    86.8   140.5   154.0   228.7   265.7   285.5   298.9   316.4   340.8   384.5   513.7  5218.5 58148.4   4916.3     5000  1652259880591  1652259885980
read      258.4  1343.4    86.8   130.2   142.5   202.5   234.4   254.9   271.3   290.9   316.3   362.6   488.5  7394.4 62365.9   9832.5    10000  1652259887520  1652259892850
read      593.7  4773.1    74.4   127.8   139.0   191.4   217.6   234.5   248.9   266.8   291.0   336.7   547.6 62370.9 64751.6  14817.1    15000  1652259894409  1652259899698
read     2046.3 10330.8    80.4   127.1   137.9   189.2   215.6   232.8   248.0   268.5   301.5   399.5 59872.9 64451.5 64970.2  19526.6    20000  1652259901253  1652259906541
read     2849.6 12325.9    80.4   125.0   135.5   185.3   211.2   228.7   243.6   265.4   304.9   481.3 61416.7 64722.3 69785.2  21869.2    25000  1652259908098  1652259913382
read     2872.1 12375.0    80.4   123.8   134.6   184.6   210.5   227.5   241.8   263.3   300.8   487.1 61078.3 64727.8 69551.6  22143.7    30000  1652259914945  1652259920221
read     2870.8 12369.1    80.4   124.1   134.6   184.5   210.4   227.6   241.9   263.3   301.3   492.6 60560.1 64570.5 64971.5  21928.2    35000  1652259921781  1652259927082
read     2875.0 12381.9    80.4   125.1   135.5   184.9   211.5   229.2   244.2   266.1   306.2   480.1 61244.0 64740.0 68420.0  21900.0    40000  1652259928641  1652259933919
read     2922.3 12478.7    80.4   125.8   137.0   187.8   214.8   232.3   247.6   268.9   307.7   507.4 61461.9 64834.2 69904.8  21663.7    45000  1652259935480  1652259940781
read     2883.7 12396.5    74.4   125.6   136.2   184.6   210.0   226.9   241.0   262.6   301.1   484.4 61047.3 64632.1 64990.6  21935.9    50000  1652259942340  1652259947636
read     2900.5 12433.8    80.4   125.2   136.0   186.8   213.3   230.7   245.7   267.1   306.2   491.6 60962.9 64678.6 67370.3  21726.8    55000  1652259949184  1652259954457
read     2904.2 12440.8    80.4   126.0   136.3   185.8   212.3   230.0   245.2   267.1   306.9   487.8 60956.0 64660.8 66417.7  21672.1    60000  1652259956020  1652259961300
read     2823.2 12276.2    80.4   121.2   131.6   181.3   207.6   225.5   240.3   262.6   301.2   467.2 60958.5 64805.6 69874.7  22250.4    65000  1652259962856  1652259968152
read     2888.4 12418.3    74.4   123.9   134.8   184.6   210.8   228.1   242.9   265.2   305.1   493.8 61814.9 64927.7 70005.4  21956.0    70000  1652259969705  1652259974986
read     2843.2 12318.7    74.4   123.0   133.4   181.7   206.7   223.6   237.1   258.3   296.4   466.5 60303.6 64544.8 64969.0  22217.5    75000  1652259976541  1652259981819
read     2878.1 12391.9    74.4   124.3   134.6   183.2   209.2   227.4   242.7   265.3   307.3   500.8 61306.5 64760.8 68664.6  21881.4    80000  1652259983376  1652259988657
read     2874.5 12378.6    80.4   123.7   134.4   184.1   210.3   228.1   243.6   266.1   307.2   490.9 60850.3 64626.8 65004.5  21953.9    85000  1652259990208  1652259995485
read     2924.3 12482.0    80.4   127.6   138.0   187.6   213.5   230.7   245.8   267.7   307.6   499.4 61309.1 64670.0 65006.1  21602.6    90000  1652259997044  1652260002327
read     2886.3 12404.8    80.4   123.3   134.2   184.8   211.4   229.3   244.6   266.7   306.0   495.4 61146.6 64654.6 65005.4  21927.1    95000  1652260003885  1652260009163
read     2901.8 12438.5    74.4   125.7   136.3   186.3   212.7   230.3   245.6   267.6   305.8   490.6 61663.4 64783.4 68635.5  21750.2   100000  1652260010729  1652260016002
read     2918.9 12475.1    80.4   124.2   135.5   187.3   214.7   232.9   249.2   271.8   314.0   501.1 61753.8 64836.7 69872.5  21593.4   105000  1652260017564  1652260022847
read     2894.6 12423.1    74.4   125.7   136.4   185.6   211.8   229.3   244.3   266.9   306.9   500.0 61740.8 64823.3 69392.2  21960.9   110000  1652260024400  1652260029688
read     2935.8 12509.8    80.4   124.9   136.3   188.0   215.4   233.3   250.0   272.8   315.1   524.7 61642.1 64750.4 68084.3  21459.7   115000  1652260031240  1652260036532
read     2908.5 12455.9    74.4   125.2   135.9   185.9   212.1   229.8   244.9   266.1   303.1   494.5 61734.0 64765.4 68184.2  21721.0   120000  1652260038080  1652260043367
Warning! Detected max cpu usage > 95%
CPU Usage Stats (avg/min/max): 85.55%,42.21%,100.00%



run 3

ubuntu@client-measure-mmd1:~/memcache-perf-dynamic$ ./mcperf -s 10.156.15.213 -a 10.156.15.215 --noload -T 16 -C 4 -D 4 -Q 1000 -c 4 -t 5 --scan 5000:120000:5000
#type       avg     std     min      p5     p10     p50     p67     p75     p80     p85     p90     p95     p99    p999   p9999      QPS   target       ts_start         ts_end
read      297.0  1027.1    86.8   144.5   159.0   239.9   280.9   300.9   316.1   335.4   363.0   413.4   639.6  8824.7 62041.5   4907.6     5000  1652260155335  1652260160689
read      271.6  1596.1    80.4   130.4   142.6   202.6   235.5   257.9   274.4   293.6   318.1   360.9   491.6  7855.8 63427.8   9818.0    10000  1652260162256  1652260167596
read      566.1  4599.3    80.4   128.1   138.6   190.6   217.9   235.7   251.7   271.1   296.2   344.1   549.0 61638.3 64850.0  14860.7    15000  1652260169157  1652260174445
read     1947.6 10070.3    80.4   127.3   137.9   187.4   213.0   229.4   243.1   262.2   291.6   373.4 59619.5 64386.3 64996.2  19677.2    20000  1652260176004  1652260181320
read     2901.5 12431.9    80.4   127.0   137.7   187.2   214.0   231.8   247.4   269.1   307.3   505.0 61001.0 64668.5 66682.8  21590.1    25000  1652260182873  1652260188177
read     2851.7 12331.6    80.4   123.8   134.0   182.8   208.5   225.8   240.0   261.7   298.7   481.6 60950.0 64703.6 68143.8  22170.9    30000  1652260189728  1652260195016
read     2977.0 12584.2    80.4   128.1   139.7   192.6   218.9   236.3   252.2   273.3   313.5   555.8 61634.0 64677.9 64982.3  21221.5    35000  1652260196577  1652260201856
read     2942.8 12524.6    74.4   126.0   137.2   189.3   216.1   233.8   249.5   270.9   309.4   503.9 61970.6 64827.6 69329.3  21515.1    40000  1652260203421  1652260208697
read     2887.8 12405.7    80.4   124.7   135.6   185.8   212.2   229.6   244.7   266.2   302.4   486.6 61742.8 64721.1 65434.1  21929.3    45000  1652260210257  1652260215542
read     2927.5 12481.4    80.4   127.5   137.7   187.3   213.9   231.4   246.8   269.3   310.7   513.4 61908.0 64715.6 64996.3  21580.2    50000  1652260217105  1652260222417
read     2905.7 12444.4    80.4   125.9   136.6   185.9   212.1   229.5   244.6   266.4   305.1   493.4 61931.6 64748.7 67193.1  21806.6    55000  1652260223973  1652260229254
read     2910.4 12453.5    80.4   125.8   136.4   185.7   211.5   229.0   244.0   265.3   303.7   499.0 62175.6 64769.9 66650.9  21749.5    60000  1652260230813  1652260236099
read     2873.8 12385.8    80.4   123.9   134.5   183.3   208.7   226.3   241.0   262.7   299.9   471.4 62091.6 64842.8 69816.5  22035.4    65000  1652260237657  1652260242935
read     2937.2 12513.6    74.4   127.9   138.4   188.3   214.3   231.5   246.8   268.0   307.3   515.4 62374.0 64833.7 68653.8  21534.3    70000  1652260244501  1652260249791
read     2942.1 12525.3    74.4   127.9   138.6   188.1   213.8   230.8   245.6   266.9   304.3   494.5 62222.1 64755.4 65008.7  21467.5    75000  1652260251343  1652260256613
read     2942.3 12520.7    80.4   125.9   136.5   186.7   214.0   232.0   248.1   271.2   315.5   537.2 62273.7 64760.2 65008.9  21410.6    80000  1652260258180  1652260263480
read     2931.4 12496.1    80.4   127.3   137.7   187.8   214.3   231.8   247.4   269.4   309.0   514.7 62333.8 64802.4 68431.6  21645.5    85000  1652260265025  1652260270312
read     2943.3 12523.5    80.4   127.5   138.2   188.8   215.0   232.4   247.8   269.1   308.6   503.1 62268.1 64759.7 65008.9  21445.0    90000  1652260271865  1652260277158
read     2925.9 12493.5    80.4   125.5   136.0   186.8   213.6   231.5   247.5   269.5   309.0   519.2 62102.9 64804.2 69592.9  21565.1    95000  1652260278709  1652260284013
read     2899.1 12434.1    80.4   125.1   135.6   185.3   212.0   230.1   245.6   267.7   307.8   506.2 61773.0 64713.2 65007.2  21707.8   100000  1652260285564  1652260290844
read     2938.2 12517.3    80.4   126.5   137.5   188.5   215.9   234.2   251.1   274.1   317.2   524.5 61897.9 64883.6 69712.7  21567.8   105000  1652260292406  1652260297711
read     2920.0 12478.2    80.4   127.2   137.6   185.8   212.0   229.7   245.0   266.7   305.5   493.4 61506.3 64676.7 64993.8  21643.8   110000  1652260299256  1652260304530
read     2893.1 12420.4    80.4   124.8   135.3   184.7   210.9   228.6   243.9   266.0   306.8   507.3 61378.1 64670.3 64999.5  21815.3   115000  1652260306093  1652260311376
read     2760.6 12147.2    74.4   118.3   128.4   176.3   201.8   220.0   234.5   255.9   292.4   441.8 60557.7 64626.8 66958.4  22809.8   120000  1652260312933  1652260318205
Warning! Detected max cpu usage > 95%
CPU Usage Stats (avg/min/max): 86.20%,51.76%,100.00%



################ 2 threads, 2 cores ################

run 1

ubuntu@client-measure-mmd1:~/memcache-perf-dynamic$ ./mcperf -s 10.156.15.213 -a 10.156.15.215 --noload -T 16 -C 4 -D 4 -Q 1000 -c 4 -t 5 --scan 5000:120000:5000
#type       avg     std     min      p5     p10     p50     p67     p75     p80     p85     p90     p95     p99    p999   p9999      QPS   target       ts_start         ts_end
read      310.2   456.1    93.8   158.3   175.1   275.8   311.5   329.2   341.7   359.1   383.8   433.8   675.3  7841.5 14233.0   4982.4     5000  1652259158743  1652259164092
read      273.4   592.9    86.8   146.0   159.9   235.3   279.3   303.5   318.9   337.2   361.1   406.3   570.8  6290.6 29872.6   9908.8    10000  1652259165625  1652259170955
read      248.9   567.3    86.8   140.2   152.7   217.2   251.6   274.2   291.3   310.8   335.4   375.5   499.2  3353.1 30257.8  15004.2    15000  1652259172482  1652259177802
read      268.3  1032.6    86.8   139.7   151.6   210.8   241.4   261.8   277.5   297.4   322.5   364.6   489.9 28262.6 31118.2  19752.9    20000  1652259179305  1652259184614
read      379.9  2072.7    80.4   138.3   150.2   207.9   235.3   254.2   270.0   289.9   316.6   363.0   548.2 29815.9 32030.1  24836.6    25000  1652259186122  1652259191456
read      591.5  3236.4    80.4   137.1   148.9   203.5   229.7   246.5   260.2   277.6   303.6   355.7 28381.5 30046.6 32280.0  29768.9    30000  1652259192961  1652259198247
read     1035.4  4724.1    80.4   135.9   147.5   201.0   227.1   244.0   257.9   276.4   308.1   394.4 29382.0 30547.4 32518.5  34881.9    35000  1652259199782  1652259205075
read     1490.8  5849.9    80.4   135.9   147.5   201.1   227.5   244.8   259.5   280.5   318.5   522.6 29674.1 31120.4 32445.0  38975.8    40000  1652259206583  1652259211881
read     1604.3  6086.7    80.4   136.5   148.6   202.5   228.7   246.2   261.1   282.5   323.9  4178.8 29754.3 31806.9 36393.1  39413.4    45000  1652259213396  1652259218671
read     1585.4  6047.6    80.4   134.0   145.8   199.4   225.6   242.4   256.8   277.6   318.9  1010.4 29715.7 31276.1 32416.4  40020.5    50000  1652259220183  1652259225461
read     1579.8  6042.8    80.4   135.0   146.6   198.7   223.9   240.2   254.3   274.6   315.2  1076.5 29732.1 31650.6 36376.8  40310.1    55000  1652259226988  1652259232305
read     1579.6  6042.7    86.8   134.5   146.0   199.0   224.6   240.9   254.5   274.7   313.2   867.8 29706.9 31181.7 36250.8  40281.0    60000  1652259233809  1652259239106
read     1567.3  6021.7    80.4   133.5   144.7   197.2   222.5   238.6   253.0   273.2   312.4   688.4 29708.2 31398.0 38291.8  40828.2    65000  1652259240632  1652259245910
read     1605.0  6100.0    80.4   137.3   149.1   202.4   228.3   244.9   258.9   279.2   317.4  5352.2 29795.5 32349.5 40647.2  39778.8    70000  1652259247431  1652259252717
read     1600.0  6083.6    86.8   134.5   146.6   201.5   228.0   245.0   259.1   278.8   316.9  3153.2 29752.8 31750.1 35138.9  39882.6    75000  1652259254248  1652259259523
read     1602.4  6082.8    80.4   136.3   147.9   202.0   227.7   244.2   257.9   277.0   313.1  4002.9 29696.8 30349.7 32420.9  39928.1    80000  1652259261047  1652259266334
read     1577.5  6047.3    80.4   133.9   145.2   198.6   224.4   240.8   254.7   274.8   314.0   978.4 29804.0 32162.3 37637.2  40314.4    85000  1652259267853  1652259273165
read     1582.3  6057.4    80.4   135.1   146.8   199.6   225.0   241.0   254.5   274.3   312.8  1065.4 29784.9 32079.9 37552.3  40235.3    90000  1652259274669  1652259279955
read     1608.5  6089.8    86.8   135.8   147.6   201.3   227.5   244.4   258.8   279.9   319.9 10958.4 29679.9 30091.4 32025.0  39786.7    95000  1652259281474  1652259286783
read     1588.6  6060.5    80.4   134.6   146.1   199.4   225.0   241.7   255.9   276.7   316.8  1357.6 29707.9 31158.6 38668.1  40219.2   100000  1652259288286  1652259293567
read     1600.3  6077.3    74.4   136.8   148.2   201.5   227.4   244.3   258.7   279.0   317.8  4192.9 29711.9 31158.6 35136.7  39655.8   105000  1652259295085  1652259300389
read     1626.6  6132.1    80.4   138.0   149.5   204.8   231.3   249.2   264.5   286.2   327.3 24009.1 29750.6 31858.1 40265.0  39275.3   110000  1652259301893  1652259307193
read     1633.6  6135.1    80.4   139.3   151.0   206.1   232.8   250.7   266.1   288.2   329.9 24659.9 29702.7 30313.9 32492.2  39003.7   115000  1652259308704  1652259314001
read     1609.4  6090.6    80.4   137.0   148.8   203.3   229.7   247.2   262.1   283.1   321.3 10827.2 29717.2 31175.3 32467.2  39802.4   120000  1652259315509  1652259320797
Warning! Detected max cpu usage > 95%
CPU Usage Stats (avg/min/max): 63.76%,1.49%,100.00%




run 2

ubuntu@client-measure-mmd1:~/memcache-perf-dynamic$ ./mcperf -s 10.156.15.213 -a 10.156.15.215 --noload -T 16 -C 4 -D 4 -Q 1000 -c 4 -t 5 --scan 5000:120000:5000
#type       avg     std     min      p5     p10     p50     p67     p75     p80     p85     p90     p95     p99    p999   p9999      QPS   target       ts_start         ts_end
read      304.5   545.1    93.8   157.9   174.3   272.4   309.8   328.3   341.4   358.8   383.0   432.6   688.2  5584.1 31042.8   4919.2     5000  1652259420588  1652259425935
read      273.2   471.9    80.4   148.4   162.9   239.8   282.6   306.9   322.9   342.0   366.7   408.6   576.7  5141.7 30121.0   9975.4    10000  1652259427452  1652259432784
read      245.8   430.9    80.4   138.4   151.2   215.7   249.8   272.3   289.7   309.3   333.1   370.4   487.9  4500.5 28447.0  14954.6    15000  1652259434329  1652259439615
read      284.2  1205.0    80.4   138.7   151.3   213.7   244.6   265.0   281.1   301.0   326.5   368.8   516.7 28775.0 32244.2  19786.1    20000  1652259441158  1652259446446
read      402.1  2207.5    80.4   141.9   154.6   211.9   238.9   257.1   272.1   291.5   317.4   363.9   577.9 29788.6 31103.2  24814.6    25000  1652259447981  1652259453267
read      676.4  3540.1    80.4   140.3   152.2   207.3   233.2   250.5   264.7   283.1   310.7   366.8 28723.8 30064.0 32244.7  29788.0    30000  1652259454786  1652259460091
read      924.3  4417.0    80.4   134.6   145.9   197.7   222.3   237.3   250.7   268.4   295.4   371.1 29262.3 30545.3 35940.2  34908.4    35000  1652259461593  1652259466898
read     1496.8  5857.9    86.8   135.7   147.6   201.1   226.7   243.2   257.1   277.0   316.0   529.4 29697.7 31518.0 32477.7  38943.4    40000  1652259468401  1652259473705
read     1543.2  5966.9    74.4   132.2   143.6   195.6   219.9   235.5   250.4   270.9   311.9   605.5 29683.1 30716.8 32454.5  40711.4    45000  1652259475208  1652259480490
read     1601.4  6087.7    80.4   134.6   146.3   199.9   226.0   243.1   257.9   279.6   323.2  3883.6 29765.2 31983.2 37291.7  39752.5    50000  1652259482008  1652259487306
read     1589.4  6058.8    80.4   135.5   147.0   199.2   224.4   240.9   255.0   275.3   316.5  1673.4 29720.3 31394.7 32499.3  40027.7    55000  1652259488811  1652259494090
read     1609.3  6096.8    80.4   136.7   148.5   201.9   228.0   245.2   259.8   280.8   321.1  7229.2 29716.2 31178.0 35856.3  39473.4    60000  1652259495624  1652259500902
read     1586.1  6060.0    80.4   135.1   146.7   199.8   225.3   241.6   255.5   275.3   315.5  1409.5 29753.4 31981.5 37742.8  40178.5    65000  1652259502418  1652259507725
read     1628.7  6128.4    80.4   138.9   150.4   204.9   231.0   248.5   263.4   284.9   325.7 24437.5 29717.0 31017.3 32401.7  39265.1    70000  1652259509232  1652259514520
read     1598.0  6083.6    80.4   136.4   148.2   200.8   226.5   242.8   256.3   275.7   314.1  3133.0 29759.4 32006.2 37515.4  39963.3    75000  1652259516032  1652259521339
read     1610.5  6104.2    80.4   135.2   147.2   202.3   228.4   245.4   259.8   280.4   319.3  9388.0 29712.6 31039.7 32439.1  39641.2    80000  1652259522843  1652259528138
read     1577.2  6033.1    86.8   132.5   144.2   198.3   223.9   240.1   253.8   273.7   313.1   935.1 29677.6 30104.8 32389.0  40501.5    85000  1652259529657  1652259534941
read     1589.2  6058.0    80.4   134.1   145.9   200.3   226.2   242.6   256.3   275.6   314.6  1396.6 29681.9 30105.2 32505.1  40224.6    90000  1652259536448  1652259541733
read     1661.1  6193.9    86.8   140.6   152.8   209.1   235.4   253.6   269.5   291.4   334.2 24878.8 29757.2 31820.3 39731.4  38412.7    95000  1652259543245  1652259548538
read     1628.8  6134.0    80.4   138.9   150.7   205.0   230.7   248.1   263.2   285.0   328.4 20364.9 29791.1 31968.3 36577.2  39213.8   100000  1652259550052  1652259555340
read     1631.7  6148.2    80.4   138.1   149.8   204.7   230.7   248.2   263.2   285.0   328.3 23914.0 29770.8 32011.3 37908.2  38978.7   105000  1652259556861  1652259562139
read     1672.1  6214.2    86.8   140.1   152.6   210.1   236.4   254.7   270.6   293.2   336.9 27887.5 29738.8 31351.4 37685.0  38033.9   110000  1652259563665  1652259568938
read     1651.8  6179.4    80.4   139.5   151.6   207.4   234.1   252.7   268.8   291.8   336.4 24375.7 29790.4 32080.5 37866.8  38581.7   115000  1652259570443  1652259575766
read     1591.7  6057.8    80.4   134.2   146.0   200.0   225.5   241.8   255.6   275.8   315.9  2810.1 29674.8 30091.7 32039.7  40219.8   120000  1652259577269  1652259582590
Warning! Detected max cpu usage > 95%
CPU Usage Stats (avg/min/max): 61.87%,1.51%,100.00%


run 3

ubuntu@client-measure-mmd1:~/memcache-perf-dynamic$ ./mcperf -s 10.156.15.213 -a 10.156.15.215 --noload -T 16 -C 4 -D 4 -Q 1000 -c 4 -t 5 --scan 5000:120000:5000
#type       avg     std     min      p5     p10     p50     p67     p75     p80     p85     p90     p95     p99    p999   p9999      QPS   target       ts_start         ts_end
read      329.9   870.9   101.3   159.9   176.5   276.0   313.6   332.4   344.8   362.0   385.1   432.5   753.7 12376.2 32025.9   4940.6     5000  1652259631318  1652259636651
read      252.6   189.4    86.8   143.2   157.0   231.8   274.0   298.2   314.1   332.1   354.5   394.6   508.2  2205.8  8304.7   9952.1    10000  1652259638184  1652259643538
read      253.2   680.3    80.4   140.5   153.1   219.5   254.6   278.1   295.4   315.2   339.5   379.2   501.4  3944.1 31333.2  14898.7    15000  1652259645057  1652259650370
read      266.4  1031.1    86.8   139.4   151.2   209.5   237.8   257.4   273.2   293.3   319.2   360.0   478.4 28254.8 30141.7  19766.1    20000  1652259651893  1652259657222
read      389.6  2130.1    86.8   140.2   152.3   208.9   235.6   254.0   269.5   288.9   315.3   363.1   558.0 29738.3 30091.5  24940.2    25000  1652259658729  1652259664027
read      549.2  3039.2    80.4   135.7   147.3   200.6   226.1   241.7   254.2   271.8   296.1   344.0 28145.9 30022.6 32302.3  29818.0    30000  1652259665532  1652259670823
read     1020.9  4683.3    86.8   136.5   148.0   200.3   226.2   242.9   256.8   276.0   308.7   395.8 29368.0 30788.3 36553.3  34712.8    35000  1652259672352  1652259677662
read     1412.2  5681.9    80.4   133.6   144.7   196.1   220.4   235.7   250.8   271.4   310.7   482.7 29638.2 31034.3 35247.4  39238.6    40000  1652259679173  1652259684451
read     1542.2  5971.3    80.4   132.8   143.8   195.3   219.3   234.9   249.2   269.0   306.4   549.0 29681.7 30589.9 32468.6  40841.8    45000  1652259685968  1652259691285
read     1558.0  6005.3    80.4   132.9   144.0   195.5   219.9   235.5   250.3   270.7   310.9   655.1 29720.1 31681.0 37630.6  40787.8    50000  1652259692787  1652259698073
read     1570.1  6028.3    80.4   133.6   145.1   197.0   221.8   237.5   252.0   272.2   312.4   853.7 29758.3 32047.0 37294.4  40548.2    55000  1652259699600  1652259704874
read     1583.6  6056.2    80.4   134.8   146.0   197.7   223.3   239.9   254.5   275.9   318.0  1304.7 29708.7 31300.6 39664.5  40274.5    60000  1652259706410  1652259711687
read     1586.8  6051.8    80.4   136.0   147.5   200.2   225.3   241.3   254.5   274.4   313.6  2213.8 29701.8 31107.9 39923.5  40187.7    65000  1652259713213  1652259718501
read     1601.8  6082.5    86.8   137.0   148.7   201.0   226.8   243.6   258.0   279.0   319.1  3539.6 29716.5 31233.1 32503.5  39842.4    70000  1652259720020  1652259725310
read     1626.6  6122.6    80.4   137.3   149.4   204.3   230.5   248.1   263.4   285.6   329.3 24245.7 29709.5 30797.7 32489.2  39318.6    75000  1652259726813  1652259732107
read     1685.4  6235.8    80.4   140.2   153.3   212.4   239.0   257.3   272.7   295.2   342.4 24775.8 29806.8 32088.0 41430.5  37894.2    80000  1652259733617  1652259738907
read     1627.3  6124.3    80.4   135.1   148.1   205.4   231.5   248.8   263.4   284.2   324.6 24183.0 29726.8 31284.8 32423.4  39383.9    85000  1652259740424  1652259745718
read     1577.3  6036.5    80.4   135.1   146.4   198.3   222.9   238.5   252.5   272.0   309.1   842.2 29696.4 30776.3 32422.5  40440.1    90000  1652259747232  1652259752527
read     1579.8  6052.1    86.8   133.3   145.0   198.5   224.4   240.9   254.6   275.0   315.6  1008.6 29757.5 31953.9 40903.9  40402.8    95000  1652259754031  1652259759303
read     1574.3  6045.8    80.4   133.7   145.0   197.9   223.0   238.7   252.7   272.5   309.5   832.2 29762.7 31945.7 37149.9  40537.6   100000  1652259760849  1652259766160
read     1595.9  6065.3    80.4   134.6   146.1   199.9   226.4   243.7   258.2   279.7   320.8  3619.9 29698.6 30697.6 32409.9  40116.5   105000  1652259767663  1652259772971
read     1613.0  6107.0    80.4   136.7   148.4   202.4   228.6   245.5   259.8   280.3   320.1 20040.3 29739.3 31597.0 32597.9  39505.1   110000  1652259774484  1652259779785
read     1582.4  6041.6    80.4   133.2   144.7   198.6   225.1   242.6   258.0   280.6   323.2  1234.9 29721.3 31513.4 36040.2  40161.5   115000  1652259781287  1652259786561
read     1574.5  6036.6    80.4   134.2   145.5   197.6   222.7   239.1   253.4   273.9   314.7   818.4 29688.2 30539.2 40719.9  40565.0   120000  1652259788108  1652259793404
Warning! Detected max cpu usage > 95%
CPU Usage Stats (avg/min/max): 64.51%,2.02%,100.00%

