##### 2 threads 1 core ####

ubuntu@client-measure-l85z:~/memcache-perf-dynamic$ ./mcperf -s 10.156.15.223 -a 10.156.15.221 --noload -T 16 -C 4 -D 4 -Q 1000 -c 4 -t 5 --scan 5000:120000:5000
#type       avg     std     min      p5     p10     p50     p67     p75     p80     p85     p90     p95     p99    p999   p9999      QPS   target       ts_start         ts_end
read      269.4   290.7    86.8   153.3   172.4   247.7   275.0   291.1   303.1   318.4   342.2   390.8   573.5  4961.2 12323.4   4953.4     5000  1652986907672  1652986913029
read      299.4   428.1    86.8   141.6   163.4   277.6   323.7   350.0   368.1   390.3   419.3   466.3   618.9  3163.4 30532.5   9920.8    10000  1652986914533  1652986919856
read      329.7   343.8    80.4   135.5   155.9   303.2   368.6   410.1   439.3   471.5   511.5   573.9   715.3  3110.8 13682.9  15030.6    15000  1652986921359  1652986926654
read      336.2   202.9    80.4   134.0   152.3   308.2   384.4   435.2   468.7   504.6   547.9   620.5   777.7  1569.6  5757.9  20027.6    20000  1652986928156  1652986933447
read      351.8   231.8    80.4   132.0   150.0   313.5   402.8   461.6   502.3   546.2   597.9   682.0   860.7  2752.3  5754.2  25091.6    25000  1652986934951  1652986940252
read      354.8   312.9    74.4   131.6   149.3   310.6   403.1   466.5   511.6   559.0   615.7   695.1   889.7  1415.5 10765.3  30007.6    30000  1652986941755  1652986947038
read      351.3   251.5    80.4   128.7   144.2   280.7   386.2   462.4   523.3   588.1   668.2   786.8  1001.1  1352.7  7596.4  35001.6    35000  1652986948543  1652986953839
read      354.6   280.3    74.4   128.2   143.6   267.2   376.6   460.9   530.6   609.4   700.1   825.7  1071.7  2204.7  7401.4  39932.2    40000  1652986955342  1652986960621
read      360.9   277.1    74.4   129.8   146.2   267.4   375.9   460.1   534.6   623.7   724.6   874.8  1121.7  1516.0  8271.1  45162.7    45000  1652986962124  1652986967424
read      362.4   307.8    74.4   127.8   144.0   257.6   358.8   441.3   529.0   632.6   756.8   931.0  1214.2  1960.6  7836.3  50018.4    50000  1652986968927  1652986974205
read      364.3   321.5    68.9   127.7   143.1   253.1   348.9   427.4   512.2   629.6   778.9   990.2  1329.4  1840.9  5884.6  54789.0    55000  1652986975708  1652986980987
read      364.4   323.9    68.9   127.5   143.1   250.1   336.6   416.0   493.4   622.5   796.4  1040.4  1371.5  1809.5  9591.8  59929.8    60000  1652986982490  1652986987772
read      353.9   322.2    68.9   122.6   137.9   236.1   317.4   391.4   466.0   606.1   800.8  1036.1  1411.4  1888.5  7131.0  64903.8    65000  1652986989276  1652986994557
read      354.6   365.8    68.9   120.0   135.4   232.8   305.2   368.0   435.5   571.7   810.3  1111.8  1536.7  2188.8  9302.9  69964.4    70000  1652986996060  1652987001330
read      347.1   352.7    74.4   120.6   135.7   228.0   293.8   355.5   421.3   545.6   775.6  1105.3  1555.7  2269.7  8284.7  74869.6    75000  1652987002833  1652987008117
read      343.6   356.1    74.4   120.0   135.0   226.0   289.2   343.0   399.4   511.1   766.0  1112.3  1617.1  2236.4  7633.8  80058.8    80000  1652987009621  1652987014894
read      353.3   368.0    68.9   123.1   138.8   230.4   291.5   343.2   399.2   509.8   782.2  1184.1  1713.8  2431.7  8017.2  84833.0    85000  1652987016397  1652987021689
read      347.7   387.1    74.4   121.6   136.4   225.9   285.3   336.1   390.8   496.8   756.4  1168.4  1717.1  2567.5  9485.8  90088.0    90000  1652987023192  1652987028473
read      357.4   397.1    74.4   125.5   141.5   233.7   290.8   336.4   384.1   487.5   771.7  1203.9  1852.0  2767.2  8478.4  94789.8    95000  1652987029976  1652987035273
read      320.6   349.8    68.9   117.0   130.7   207.6   256.3   300.9   349.2   440.0   668.4  1092.8  1670.5  2521.6  6964.7 100050.7   100000  1652987036777  1652987042056
read      369.6   471.8    74.4   124.6   140.1   229.7   287.2   331.9   376.3   466.7   745.3  1273.3  2351.9  3962.7 10314.5 105100.2   105000  1652987043559  1652987048852
read      527.7  1335.2    68.9   138.3   159.1   269.5   327.9   367.8   402.5   459.7   641.6  1891.1  5647.7 14875.6 36093.9 108939.4   110000  1652987050355  1652987055633
read      480.1  1329.5    74.4   133.2   151.2   250.2   303.4   336.0   363.5   403.3   511.2  1326.1  5901.2 12939.0 35578.2 114348.0   115000  1652987057136  1652987062420
read      538.2  1744.4    74.4   141.0   160.0   255.5   302.7   332.6   356.8   390.5   455.5  1233.0  8602.5 30367.0 37195.6 117972.0   120000  1652987063924  1652987069194
Warning! Detected max cpu usage > 95%
CPU Usage Stats (avg/min/max): 76.55%,29.65%,100.00%



#1652986898.88 1.0 1.0 2.0 2.0
#1652986899.88 0.0 1.0 0.0 1.0
#1652986900.88 1.0 0.0 1.0 0.0
#1652986901.89 0.0 2.0 0.0 0.0
#1652986902.89 1.0 1.0 2.0 1.0
#1652986903.89 2.0 0.0 1.0 1.0
#1652986904.89 0.0 0.0 1.0 1.0
#1652986905.89 0.0 0.0 0.0 0.0
1652986906.89 2.0 2.0 1.0 1.0
1652986907.89 0.0 0.0 1.0 1.0
1652986908.9 3.0 2.2 3.0 1.0
1652986909.9 0.0 1.1 0.0 0.0
1652986910.9 1.0 0.0 1.0 0.0
1652986911.9 1.0 0.0 1.0 1.0
1652986912.9 2.0 2.0 0.0 0.0
1652986913.9 1.0 0.0 0.0 0.0
1652986914.9 0.0 1.1 1.0 0.0
1652986915.91 1.0 3.3 1.0 1.1
1652986916.91 1.0 0.0 0.0 0.0
1652986917.91 0.0 1.1 1.0 2.0
1652986918.91 0.0 2.2 1.0 1.0
1652986919.91 2.0 1.0 0.0 0.0
1652986920.91 1.0 0.0 1.0 0.0
1652986921.91 0.0 1.2 2.1 1.1
1652986922.92 1.1 2.4 0.0 0.0
1652986923.92 1.1 1.2 2.0 0.0
1652986924.92 2.1 0.0 1.0 2.1
1652986925.92 0.0 1.1 2.0 0.0
1652986926.92 1.0 0.0 2.0 1.0
1652986927.92 2.1 2.2 0.0 0.0
1652986928.92 1.1 2.5 1.0 2.1
1652986929.93 0.0 0.0 0.0 0.0
1652986930.93 3.3 2.5 1.0 2.1
1652986931.93 1.1 2.4 1.0 0.0
1652986932.93 2.1 1.1 1.0 2.0
1652986933.93 0.0 0.0 0.0 1.0
1652986934.93 1.1 1.2 1.0 0.0
1652986935.93 1.1 2.7 0.0 0.0
1652986936.94 1.1 4.0 0.0 1.1
1652986937.94 0.0 0.0 2.1 0.0
1652986938.94 3.3 3.9 2.1 2.1
1652986939.94 0.0 1.1 0.0 2.0
1652986940.94 1.0 0.0 1.0 0.0
1652986941.94 2.2 1.4 1.1 1.1
1652986942.94 1.1 1.4 2.1 0.0
1652986943.94 1.1 1.4 0.0 1.0
1652986944.95 1.2 1.4 1.1 1.1
1652986945.95 0.0 1.4 1.1 1.1
1652986946.95 1.0 1.0 1.0 2.0
1652986947.95 1.0 0.0 0.0 1.0
1652986948.95 3.5 2.9 2.2 0.0
1652986949.95 0.0 0.0 1.1 1.1
1652986950.95 0.0 1.5 0.0 0.0
1652986951.96 3.5 4.5 3.2 3.2
1652986952.96 1.1 2.7 1.1 1.1
1652986953.96 0.0 0.0 0.0 0.0
1652986954.96 2.2 0.0 3.0 1.1
1652986955.96 0.0 6.2 1.1 1.1
1652986956.96 2.4 0.0 0.0 0.0
1652986957.96 1.2 3.2 1.1 0.0
1652986958.97 3.6 4.8 3.2 2.2
1652986959.97 1.1 0.0 1.0 0.0
1652986960.97 0.0 1.0 0.0 2.0
1652986961.97 2.2 1.4 1.1 2.1
1652986962.97 1.2 1.8 1.1 2.2
1652986963.97 0.0 4.9 1.1 1.1
1652986964.97 1.2 3.5 0.0 2.2
1652986965.98 1.2 3.7 1.1 2.3
1652986966.98 2.1 4.7 0.0 2.1
1652986967.98 2.0 0.0 0.0 0.0
1652986968.98 3.7 12.1 2.1 2.2
1652986969.98 2.5 9.1 1.1 0.0
1652986970.98 2.5 7.4 2.1 1.1
1652986971.98 0.0 8.8 2.1 1.1
1652986972.99 3.7 8.8 2.1 1.1
1652986973.99 0.0 1.1 0.0 0.0
1652986974.99 1.0 3.1 1.0 1.0
1652986975.99 1.2 16.7 2.3 3.5
1652986976.99 3.7 30.0 2.4 2.3
1652986977.99 3.7 25.0 1.1 1.1
1652986978.99 1.2 14.5 2.3 2.3
1652986980.0 3.4 3.6 1.1 2.2
1652986981.0 1.0 2.0 1.0 3.0
1652986982.0 1.1 12.0 0.0 2.1
1652986983.0 5.3 38.1 4.3 1.1
1652986984.0 1.4 32.3 2.2 3.3
1652986985.0 5.1 30.5 1.1 2.3
1652986986.01 2.6 26.7 2.2 1.1
1652986987.01 5.7 20.8 1.1 1.1
1652986988.01 0.0 0.0 1.0 1.0
1652986989.01 3.5 27.6 2.1 6.3
1652986990.01 2.6 41.5 0.0 1.1
1652986991.01 6.3 32.8 2.2 1.1
1652986992.01 5.0 32.3 1.1 2.2
1652986993.01 3.9 38.7 4.3 2.2
1652986994.02 0.0 13.4 1.1 1.1
1652986995.02 1.0 1.0 2.0 2.0
1652986996.02 3.6 42.2 1.1 3.3
1652986997.02 8.5 56.0 2.2 2.2
1652986998.02 7.1 50.7 2.2 2.1
1652986999.02 2.4 38.7 4.3 4.3
1652987000.02 3.7 53.4 1.1 1.1
1652987001.03 1.1 11.8 2.0 0.0
1652987002.03 1.0 2.0 2.0 2.0
1652987003.03 4.9 59.7 1.1 0.0
1652987004.03 3.6 58.4 2.1 2.3
1652987005.03 6.0 66.2 3.2 4.7
1652987006.03 3.6 51.4 1.1 4.7
1652987007.03 1.2 56.6 2.1 3.4
1652987008.04 1.0 2.0 1.0 0.0
1652987009.04 2.1 13.7 1.0 2.1
1652987010.04 3.7 64.1 2.2 2.3
1652987011.04 3.7 59.5 1.1 3.4
1652987012.04 4.9 63.7 5.4 6.5
1652987013.04 9.6 71.4 2.3 4.4
1652987014.05 2.4 54.0 2.2 3.2
1652987015.05 2.0 2.0 1.0 1.0
1652987016.05 4.4 33.0 1.0 2.1
1652987017.05 6.5 77.0 5.3 4.4
1652987018.05 5.2 80.0 1.1 6.4
1652987019.05 12.5 80.6 2.2 1.1
1652987020.05 5.0 71.1 1.1 1.1
1652987021.06 5.6 37.5 1.1 4.3
1652987022.06 1.0 0.0 0.0 0.0
1652987023.06 2.4 53.1 4.4 2.2
1652987024.06 5.3 86.0 8.1 1.1
1652987025.06 8.8 82.2 5.9 4.6
1652987026.06 9.6 78.4 4.8 7.8
1652987027.06 7.3 78.4 8.9 1.1
1652987028.07 2.2 31.0 2.1 1.0
1652987029.07 1.0 2.0 1.0 1.0
1652987030.07 2.6 77.6 0.0 1.1
1652987031.07 6.3 87.5 3.4 5.6
1652987032.07 5.2 89.5 6.6 3.5
1652987033.07 7.7 90.4 3.4 4.4
1652987034.07 3.8 88.9 4.4 3.4
1652987035.07 1.0 13.1 2.0 1.1
1652987036.08 2.0 6.0 0.0 1.0
1652987037.08 11.3 81.5 6.7 4.5
1652987038.08 8.7 84.2 4.7 2.2
1652987039.08 11.1 83.3 3.5 5.5
1652987040.08 2.9 78.0 3.4 1.2
1652987041.08 6.9 73.6 3.4 3.3
1652987042.08 2.0 2.0 0.0 1.0
1652987043.09 1.1 31.0 1.0 1.0
1652987044.09 7.4 95.9 4.5 3.4
1652987045.09 11.7 89.7 5.6 8.1
1652987046.09 5.6 91.4 4.4 4.7
1652987047.09 8.6 93.9 1.2 5.6
1652987048.09 6.2 66.0 2.2 4.3
1652987049.1 1.0 0.0 2.0 2.0
1652987050.1 3.4 51.5 1.1 1.1
1652987051.1 4.8 99.0 2.2 4.5
1652987052.1 9.5 100.0 4.3 5.8
1652987053.1 3.7 99.0 2.2 6.8
1652987054.1 3.8 100.0 3.3 4.6
1652987055.1 6.5 48.5 5.2 3.3
1652987056.1 0.0 0.0 0.0 0.0
1652987057.11 9.0 68.4 4.4 2.2
1652987058.11 14.3 98.0 7.1 3.4
1652987059.11 15.6 99.0 7.2 4.5
1652987060.11 6.7 100.0 5.9 3.4
1652987061.11 14.1 94.1 5.8 7.7
1652987062.11 4.4 26.3 3.1 4.0
1652987063.11 2.0 0.0 1.0 0.0
1652987064.12 9.0 96.0 2.2 3.4
1652987065.12 12.9 99.0 4.3 4.9
1652987066.12 11.3 98.0 1.1 2.4
1652987067.12 13.2 100.0 1.1 4.6
1652987068.12 7.8 100.0 3.3 5.7
1652987069.12 3.9 4.0 2.0 2.0
1652987070.12 0.0 0.0 1.0 1.0
1652987071.13 1.0 0.0 0.0 0.0
1652987072.13 1.0 0.0 1.0 2.0
1652987073.13 0.0 1.0 2.0 0.0
1652987074.13 1.0 2.0 1.0 1.0
1652987075.13 2.0 1.0 1.0 1.0
1652987076.13 0.0 0.0 0.0 1.0

### 2 threads 2 cores ###

ubuntu@client-measure-l85z:~/memcache-perf-dynamic$ ./mcperf -s 10.156.15.223 -a 10.156.15.221 --noload -T 16 -C 4 -D 4 -Q 1000 -c 4 -t 5 --scan 5000:120000:5000
#type       avg     std     min      p5     p10     p50     p67     p75     p80     p85     p90     p95     p99    p999   p9999      QPS   target       ts_start         ts_end
read      273.1   304.8    86.8   160.8   178.3   254.3   276.4   290.2   299.7   314.0   335.9   387.0   589.7  4821.3 11303.1   4962.0     5000  1652987642978  1652987648359
read      291.1   229.8    86.8   151.7   172.1   284.6   315.8   332.4   343.6   359.5   379.6   422.8   583.4  2570.3  9875.8   9986.8    10000  1652987649863  1652987655208
read      297.0   296.4    80.4   141.9   162.0   287.1   329.5   350.1   364.9   382.1   403.8   448.1   623.8  3176.2  9869.7  15028.4    15000  1652987656711  1652987662003
read      300.3   176.4    86.8   140.2   160.2   294.2   341.3   364.7   380.7   398.9   423.7   465.5   611.5  2272.9  8883.1  19889.2    20000  1652987663507  1652987668815
read      305.3   191.5    80.4   138.6   158.1   297.3   350.2   376.2   394.0   414.2   439.1   486.8   631.3  1535.6  8506.6  24971.2    25000  1652987670318  1652987675611
read      319.8   303.2    80.4   140.0   160.3   303.5   361.0   390.3   410.6   435.0   468.7   530.3   734.2  2867.8  9070.6  30014.2    30000  1652987677114  1652987682399
read      313.0   195.8    80.4   139.5   159.7   301.0   356.2   385.6   405.7   430.6   463.7   521.2   690.0  1369.9  7886.8  34837.0    35000  1652987683902  1652987689189
read      306.7   232.4    74.4   139.1   158.2   288.4   347.0   378.4   400.2   426.5   459.1   508.7   671.8  1694.5  7080.3  39801.2    40000  1652987690692  1652987696007
read      303.8   167.1    74.4   137.0   155.3   286.9   345.2   377.3   399.3   426.4   461.8   519.1   681.9  1246.1  7062.4  44977.8    45000  1652987697510  1652987702789
read      316.9   164.9    80.4   140.5   160.8   301.7   360.5   392.3   415.3   443.2   480.2   541.7   707.5  1422.3  5391.4  50098.4    50000  1652987704291  1652987709568
read      300.2   198.0    80.4   135.6   153.4   282.2   339.4   370.5   393.2   420.0   454.7   507.7   668.1  1661.5  6287.9  55029.0    55000  1652987711070  1652987716356
read      300.0   177.6    80.4   135.2   153.5   286.5   341.8   371.7   393.6   419.3   452.2   502.7   635.0  1678.2  6805.9  59998.4    60000  1652987717859  1652987723144
read      306.5   225.1    74.4   138.0   156.5   288.2   346.8   379.0   401.7   429.6   464.3   519.7   669.0  1796.7  7799.6  64758.6    65000  1652987724646  1652987729932
read      297.3   192.7    80.4   136.8   154.4   278.2   335.7   367.2   390.3   417.7   453.2   506.7   660.2  1503.2  5761.6  69986.6    70000  1652987731434  1652987736709
read      290.6   165.1    74.4   132.2   149.2   272.7   331.2   362.6   385.3   412.4   447.9   501.5   632.8  1388.8  6054.4  75098.8    75000  1652987738213  1652987743493
read      283.9   199.1    74.4   129.1   145.3   263.3   321.8   354.2   377.1   403.9   437.7   489.0   622.7  1482.5  7020.7  79694.2    80000  1652987744996  1652987750275
read      284.2   175.1    74.4   124.9   140.4   255.6   320.7   358.0   384.7   416.4   456.1   521.2   702.1  1493.7  6766.4  84817.4    85000  1652987751778  1652987757075
read      288.7   184.0    74.4   127.6   143.6   262.4   325.6   361.7   388.0   419.2   459.6   528.1   687.3  1278.5  6666.3  90031.4    90000  1652987758577  1652987763871
read      280.6   165.5    74.4   126.4   141.8   254.9   316.2   351.7   377.7   407.9   447.3   508.2   663.4  1051.8  5100.2  94890.4    95000  1652987765374  1652987770653
read      278.6   172.3    74.4   125.2   141.1   252.9   313.1   346.8   372.4   402.4   441.7   503.1   643.6  1776.9  5163.0 100013.0   100000  1652987772156  1652987777446
read      278.3   165.1    74.4   127.1   142.4   253.5   313.2   346.4   371.6   401.6   440.8   501.8   643.4  1280.1  4843.0 105031.8   105000  1652987778949  1652987784225
read      291.9   184.4    74.4   131.5   148.9   264.9   325.7   361.4   388.2   420.6   463.2   533.6   684.1  1593.3  6592.6 109858.6   110000  1652987785728  1652987790998
read      285.1   197.1    74.4   129.3   145.7   258.2   317.2   351.6   377.7   408.9   450.2   513.6   667.2  1871.0  7118.7 114961.4   115000  1652987792501  1652987797812
read      267.1   179.9    74.4   124.7   139.7   240.7   296.7   329.6   353.8   382.7   420.3   476.7   614.5  1530.2  6536.2 119932.0   120000  1652987799315  1652987804593
Warning! Detected max cpu usage > 95%
CPU Usage Stats (avg/min/max): 57.66%,9.55%,100.00%



#1652987637.3 1.0 1.0 0.0 0.0
#1652987638.3 1.0 0.0 0.0 1.0
#1652987639.3 0.0 1.0 1.0 1.0
#1652987640.31 1.0 0.0 1.0 0.0
#1652987641.31 0.0 2.0 1.0 1.0
1652987642.31 2.0 1.0 0.0 1.0
1652987643.31 2.0 2.1 4.1 2.0
1652987644.31 0.0 0.0 0.0 1.0
1652987645.31 1.0 1.1 2.1 0.0
1652987646.31 1.0 2.1 0.0 0.0
1652987647.31 1.0 2.1 1.1 1.0
1652987648.32 0.0 0.0 0.0 0.0
1652987649.32 1.0 1.0 0.0 1.0
1652987650.32 1.0 2.2 0.0 1.0
1652987651.32 1.0 1.1 3.3 2.1
1652987652.32 0.0 1.1 2.2 0.0
1652987653.32 1.1 2.2 1.1 2.1
1652987654.32 0.0 2.1 2.2 1.0
1652987655.33 1.0 1.0 1.0 2.1
1652987656.33 1.0 1.1 0.0 0.0
1652987657.33 1.1 1.1 1.1 0.0
1652987658.33 1.1 0.0 0.0 1.1
1652987659.33 1.1 3.4 2.2 2.1
1652987660.33 0.0 0.0 1.1 0.0
1652987661.33 2.1 3.2 1.1 1.1
1652987662.33 0.0 0.0 0.0 0.0
1652987663.34 2.1 2.2 2.2 2.1
1652987664.34 0.0 1.2 1.2 2.1
1652987665.34 1.1 1.2 0.0 0.0
1652987666.34 2.1 1.2 2.4 0.0
1652987667.34 0.0 0.0 1.2 0.0
1652987668.34 0.0 2.1 2.1 1.0
1652987669.34 1.0 1.0 1.0 2.0
1652987670.35 0.0 1.2 1.2 0.0
1652987671.35 1.1 1.3 1.3 1.1
1652987672.35 1.1 1.2 0.0 1.1
1652987673.35 1.1 2.5 2.5 1.1
1652987674.35 2.1 2.5 0.0 1.1
1652987675.35 2.0 2.1 1.0 1.1
1652987676.35 1.0 0.0 0.0 0.0
1652987677.35 3.3 2.6 2.6 3.2
1652987678.36 1.1 2.6 0.0 1.1
1652987679.36 3.3 3.9 1.3 1.1
1652987680.36 0.0 1.3 1.3 0.0
1652987681.36 3.2 1.3 1.3 0.0
1652987682.36 1.0 0.0 0.0 0.0
1652987683.36 1.0 2.1 4.2 1.0
1652987684.36 0.0 2.7 2.7 2.2
1652987685.37 3.3 1.4 1.4 1.2
1652987686.37 2.2 1.4 2.7 2.2
1652987687.37 1.1 0.0 0.0 0.0
1652987688.37 0.0 3.6 1.2 1.1
1652987689.37 2.0 0.0 2.0 1.0
1652987690.37 1.1 1.1 1.1 0.0
1652987691.37 1.2 0.0 1.4 1.1
1652987692.38 1.2 0.0 0.0 0.0
1652987693.38 3.5 4.2 4.1 3.3
1652987694.38 2.3 1.4 2.7 1.1
1652987695.38 2.2 1.2 0.0 2.2
1652987696.38 1.0 0.0 0.0 0.0
1652987697.38 0.0 2.5 2.5 1.1
1652987698.38 1.2 1.4 1.4 1.1
1652987699.39 2.4 2.9 2.9 2.3
1652987700.39 3.6 2.9 0.0 4.7
1652987701.39 1.2 1.5 4.4 0.0
1652987702.39 0.0 2.2 0.0 1.0
1652987703.39 1.0 1.0 1.0 1.0
1652987704.39 2.3 4.2 5.8 1.1
1652987705.39 3.5 9.0 14.5 3.4
1652987706.4 2.3 7.5 6.3 2.2
1652987707.4 2.4 7.4 7.7 0.0
1652987708.4 5.6 4.5 9.0 1.1
1652987709.4 0.0 1.1 1.1 2.0
1652987710.4 1.0 1.0 1.0 1.0
1652987711.4 2.5 10.1 10.6 1.2
1652987712.4 1.3 1.5 4.8 1.1
1652987713.41 6.2 7.5 9.2 2.3
1652987714.41 0.0 5.9 6.3 3.3
1652987715.41 3.6 4.2 5.8 2.4
1652987716.41 1.0 0.0 2.0 0.0
1652987717.41 1.1 3.4 4.5 0.0
1652987718.41 2.5 17.4 18.8 4.5
1652987719.41 5.9 7.9 7.9 4.6
1652987720.42 2.4 10.6 10.8 2.3
1652987721.42 2.4 12.1 10.8 3.5
1652987722.42 1.1 2.7 3.9 0.0
1652987723.42 2.0 2.0 0.0 0.0
1652987724.42 2.2 13.1 14.3 2.2
1652987725.42 5.1 26.4 34.2 5.9
1652987726.42 4.9 17.4 24.3 2.3
1652987727.43 1.3 21.4 25.7 3.3
1652987728.43 2.5 9.1 12.7 1.1
1652987729.43 4.3 7.1 12.5 4.1
1652987730.43 1.0 0.0 2.0 1.0
1652987731.43 3.7 17.3 21.2 1.2
1652987732.43 3.9 33.3 30.7 3.5
1652987733.43 12.2 28.8 18.2 5.6
1652987734.44 1.3 22.4 22.9 5.6
1652987735.44 7.4 25.7 26.7 3.6
1652987736.44 2.1 8.3 3.3 1.1
1652987737.44 1.0 0.0 1.0 1.0
1652987738.44 7.1 34.7 26.4 7.3
1652987739.44 8.3 38.2 29.2 4.9
1652987740.44 4.8 42.3 36.4 8.2
1652987741.45 7.0 30.6 24.6 8.3
1652987742.45 3.5 30.7 20.6 1.2
1652987743.45 0.0 2.0 1.0 1.0
1652987744.45 1.1 10.4 9.5 0.0
1652987745.45 8.6 41.2 44.4 6.1
1652987746.45 12.8 34.7 41.5 6.9
1652987747.46 8.2 32.5 31.5 4.4
1652987748.46 7.1 27.8 26.1 3.3
1652987749.46 1.2 19.0 16.9 3.3
1652987750.46 1.0 0.0 0.0 0.0
1652987751.46 3.3 25.5 11.8 5.4
1652987752.46 3.6 51.8 24.6 4.7
1652987753.46 8.1 51.2 34.2 4.8
1652987754.47 4.7 57.3 35.1 3.5
1652987755.47 4.7 46.3 23.9 4.9
1652987756.47 3.2 16.7 10.7 1.1
1652987757.47 0.0 1.0 1.0 0.0
1652987758.47 5.7 29.1 34.1 3.3
1652987759.47 9.4 41.0 55.7 5.7
1652987760.47 7.1 46.9 58.1 6.1
1652987761.48 9.4 52.3 59.6 9.0
1652987762.48 1.2 43.2 53.6 3.4
1652987763.48 5.2 16.7 15.1 3.2
1652987764.48 1.0 0.0 0.0 0.0
1652987765.48 9.9 56.7 48.9 3.6
1652987766.48 8.5 56.3 48.2 3.4
1652987767.48 6.3 53.6 43.7 4.5
1652987768.49 6.4 59.6 50.0 4.4
1652987769.49 10.7 55.1 39.2 3.4
1652987770.49 1.0 4.1 2.1 0.0
1652987771.49 0.0 7.0 6.1 1.0
1652987772.49 2.7 56.3 61.8 2.4
1652987773.49 14.3 51.2 55.2 11.2
1652987774.5 9.9 55.2 62.0 3.5
1652987775.5 11.1 55.2 59.8 7.5
1652987776.5 6.3 51.1 53.8 8.0
1652987777.5 1.0 2.0 0.0 0.0
1652987778.5 2.2 18.3 19.8 2.1
1652987779.5 10.8 71.1 66.3 9.4
1652987780.5 8.3 60.7 58.9 6.0
1652987781.51 10.6 61.4 61.1 7.2
1652987782.51 6.2 64.9 63.9 4.8
1652987783.51 5.7 45.4 40.9 3.4
1652987784.51 1.0 0.0 1.0 1.0
1652987785.51 5.7 40.2 42.4 6.7
1652987786.51 14.0 71.9 73.1 7.1
1652987787.51 10.0 71.3 76.3 9.3
1652987788.52 13.1 69.8 71.7 5.9
1652987789.52 7.6 72.6 71.4 8.0
1652987790.52 4.3 26.5 27.6 2.2
1652987791.52 0.0 0.0 1.0 0.0
1652987792.52 3.7 62.6 56.8 2.4
1652987793.52 14.5 75.3 70.5 14.8
1652987794.52 10.0 76.8 71.0 7.3
1652987795.53 16.5 77.3 72.6 14.8
1652987796.53 13.1 75.8 71.3 8.5
1652987797.53 1.1 13.5 13.4 1.0
1652987798.53 0.0 0.0 1.0 0.0
1652987799.53 17.9 74.2 67.8 10.1
1652987800.53 9.9 73.4 69.5 5.8
1652987801.53 10.7 71.3 67.7 6.9
1652987802.54 11.0 69.9 66.7 9.0
1652987803.54 15.6 72.2 66.7 9.0
1652987804.54 0.0 1.0 0.0 1.0
1652987805.54 3.0 2.0 2.0 1.1
1652987806.54 1.0 0.0 0.0 0.0
1652987807.54 0.0 1.0 1.0 2.0
1652987808.54 1.0 1.0 0.0 0.0
1652987809.55 2.0 1.0 0.0 0.0
