################ 1 thread, 1 core ################
run 1

ubuntu@client-measure-0708:~/memcache-perf-dynamic$ ./mcperf -s 10.156.15.218 -a 10.156.15.219 --noload -T 16 -C 4 -D 4 -Q 1000 -c 4 -t 5 --scan 5000:120000:5000
#type       avg     std     min      p5     p10     p50     p67     p75     p80     p85     p90     p95     p99    p999   p9999      QPS   target       ts_start         ts_end
read      350.9   491.7   101.3   188.9   216.2   329.6   363.2   382.3   397.0   414.5   435.1   476.1   652.1  5141.8 30521.5   4987.6     5000  1652612713964  1652612719319
read      402.2   439.0    93.8   189.1   222.8   398.0   437.5   459.2   473.2   494.0   519.9   571.3   701.0  6393.6 22983.4  10084.5    10000  1652612720822  1652612726141
read      414.2   280.2    93.8   187.0   220.5   415.5   468.9   497.0   516.5   540.2   574.9   634.4   800.9  2327.3 14222.4  15020.4    15000  1652612727645  1652612732922
read      424.8   308.2    93.8   186.2   221.8   415.5   481.6   516.8   539.9   569.2   609.0   675.6   849.7  3481.2 13004.0  19829.4    20000  1652612734425  1652612739716
read      442.0   345.2    86.8   190.0   226.5   429.8   500.1   536.2   561.6   591.1   632.5   697.5   863.3  3708.0 14858.5  25110.6    25000  1652612741220  1652612746503
read      437.2   255.3    86.8   199.2   235.3   424.8   492.5   530.7   557.1   589.3   634.9   711.4   863.1  1479.2 11568.2  29942.6    30000  1652612748007  1652612753296
read      430.6   300.4    93.8   203.6   234.4   407.1   475.1   515.3   545.7   585.3   639.1   727.9   902.2  2014.6 12245.5  35006.6    35000  1652612754801  1652612760103
read      443.1   223.7    86.8   209.0   241.1   429.4   498.2   535.9   564.2   599.4   648.9   735.9   916.7  1511.9  6458.3  40083.6    40000  1652612761607  1652612766886
read      432.2   244.4    80.4   188.9   226.1   418.1   488.0   527.5   555.2   590.7   641.6   728.8   912.0  1449.4  8104.3  44924.6    45000  1652612768390  1652612773668
read      425.2   247.1    86.8   191.2   224.6   407.8   481.0   521.2   549.3   586.4   636.4   725.1   901.7  1507.9 10779.5  50148.6    50000  1652612775172  1652612780452
read      416.0   220.8    86.8   194.9   224.8   396.8   469.9   511.5   540.8   577.9   628.2   707.4   872.8  1413.0  8580.9  55074.8    55000  1652612781955  1652612787250
read      414.2   207.0    86.8   195.2   224.0   391.7   467.8   510.6   541.8   580.2   630.4   711.7   878.2  1221.1  7229.1  60200.6    60000  1652612788753  1652612794037
read      409.6   200.7    86.8   192.5   222.0   389.5   464.1   504.7   535.8   572.1   618.5   690.4   855.7  1239.7  6595.4  64960.6    65000  1652612795541  1652612800827
read      405.6   209.8    86.8   192.6   221.9   383.2   455.6   496.2   526.2   561.6   611.2   689.4   868.0  1415.6  7585.2  69888.4    70000  1652612802329  1652612807613
read      402.5   210.5    80.4   178.3   211.1   384.7   458.4   497.4   526.4   561.6   608.0   677.7   837.7  1216.9  8385.3  74927.3    75000  1652612809116  1652612814394
read      411.5   230.0    86.8   193.0   225.1   389.6   460.8   500.0   530.4   567.4   615.2   689.7   871.2  1420.4  9812.0  79935.0    80000  1652612815897  1652612821174
read      413.6   232.3    86.8   205.4   235.1   391.2   459.0   496.2   525.0   560.8   608.4   684.1   859.5  1583.4 10120.3  84893.2    85000  1652612822677  1652612827949
read      407.6   212.8    86.8   202.2   233.0   388.3   453.5   489.8   516.5   549.2   594.4   670.5   837.7  1184.9  8933.5  89926.3    90000  1652612829452  1652612834729
read      490.6   249.3    93.8   240.9   277.9   455.6   535.7   585.2   624.2   672.9   737.5   848.1  1091.2  1455.7  9299.8  94754.2    95000  1652612836231  1652612841508
read      641.1   304.4   109.4   351.9   390.6   599.7   724.5   784.6   825.2   869.9   928.4  1013.5  1182.3  2689.3 12302.8  98659.8   100000  1652612843010  1652612848291
read      671.4   308.2    93.8   380.5   420.2   620.7   740.2   808.6   857.7   914.5   985.9  1084.2  1255.8  2704.1 12112.1  96961.3   105000  1652612849795  1652612855083
read      656.6   296.0    80.4   377.0   416.6   604.0   717.3   786.9   837.9   897.5   971.3  1072.3  1245.7  1763.3 10717.8  99067.8   110000  1652612856586  1652612861855
read      648.8   337.6    93.8   367.5   408.9   596.3   712.4   779.4   826.5   880.2   945.7  1045.4  1222.0  2593.1 15275.3 100417.6   115000  1652612863358  1652612868648
read      645.3   313.5   118.1   360.1   400.0   593.4   724.8   791.8   836.5   885.6   944.0  1028.1  1182.9  2286.5 12652.4 101014.1   120000  1652612870152  1652612875450
Warning! Detected max cpu usage > 95%
CPU Usage Stats (avg/min/max): 79.08%,37.24%,100.00%



run 2

ubuntu@client-measure-0708:~/memcache-perf-dynamic$ ./mcperf -s 10.156.15.218 -a 10.156.15.219 --noload -T 16 -C 4 -D 4 -Q 1000 -c 4 -t 5 --scan 5000:120000:5000
#type       avg     std     min      p5     p10     p50     p67     p75     p80     p85     p90     p95     p99    p999   p9999      QPS   target       ts_start         ts_end
read      343.3   336.6   101.3   188.9   217.4   326.1   359.7   376.8   390.3   403.8   429.0   476.2   646.4  5500.0 11528.2   4972.8     5000  1652612903702  1652612909052
read      400.3   415.5    86.8   188.6   221.4   390.9   431.7   455.1   470.6   493.4   523.2   579.5   748.7  6285.3 17529.5  10065.0    10000  1652612910555  1652612915887
read      404.0   240.5    93.8   193.7   225.8   400.3   454.9   483.0   502.1   526.0   555.2   613.5   745.0  2930.2 11529.7  14969.4    15000  1652612917392  1652612922680
read      421.6   314.0    93.8   199.1   232.5   408.3   470.0   502.9   526.8   553.3   593.8   666.1   825.9  2304.1 17937.7  19836.2    20000  1652612924183  1652612929474
read      435.5   241.1    93.8   195.9   232.0   421.6   491.7   528.3   552.8   585.8   629.9   707.9   880.5  2458.9  9701.9  25062.0    25000  1652612930980  1652612936262
read      439.2   253.7    93.8   191.1   228.7   428.2   499.0   536.0   562.7   594.1   641.5   719.9   873.4  2033.9 11076.8  29968.0    30000  1652612937764  1652612943055
read      442.3   286.4    93.8   192.0   229.2   430.5   500.9   539.1   567.6   601.2   644.7   722.3   900.6  2000.6 11406.3  34992.2    35000  1652612944558  1652612949840
read      442.8   280.6    93.8   194.8   232.3   430.9   500.9   539.1   567.1   599.7   644.0   720.6   901.1  1804.1 11519.9  39880.8    40000  1652612951343  1652612956621
read      431.1   246.5    86.8   184.9   219.6   419.2   490.8   529.3   557.3   590.9   636.7   714.8   894.5  1708.2 10217.4  44844.0    45000  1652612958124  1652612963408
read      429.4   260.5    86.8   182.5   216.2   414.4   490.4   531.1   561.0   595.3   639.3   717.3   893.7  2506.6 10131.7  49916.6    50000  1652612964911  1652612970198
read      423.7   223.9    86.8   186.5   219.0   406.4   486.3   526.2   556.0   592.8   638.2   711.0   879.7  1446.3  7768.3  55071.8    55000  1652612971701  1652612976981
read      415.6   238.0    80.4   185.8   217.6   396.5   472.9   513.7   544.3   580.7   626.7   700.2   870.7  1364.1  9877.1  59938.2    60000  1652612978484  1652612983764
read      424.3   248.0    80.4   192.1   225.4   400.1   475.9   518.8   548.4   587.3   636.8   721.8   930.9  1595.1 10816.3  64892.2    65000  1652612985267  1652612990547
read      413.0   248.9    86.8   197.6   227.7   389.5   462.5   503.1   533.1   569.5   619.3   697.3   867.1  1430.1 11368.0  70016.4    70000  1652612992051  1652612997347
read      408.1   229.5    86.8   190.7   222.7   385.5   457.0   497.3   527.1   563.0   613.0   695.0   875.7  1288.1  9468.3  74932.6    75000  1652612998850  1652613004126
read      399.3   228.0    86.8   195.0   226.0   379.5   446.3   485.1   512.7   545.4   590.5   664.3   815.5  1153.3  8566.3  80064.4    80000  1652613005630  1652613010918
read      405.7   200.9    86.8   199.5   230.3   386.5   453.1   490.8   518.4   550.7   595.7   669.7   834.9  1207.8  7582.2  84627.6    85000  1652613012421  1652613017696
read      407.6   212.0    86.8   202.5   234.2   389.0   453.7   490.0   516.4   548.2   591.4   661.1   816.2  1249.9  8557.5  89864.8    90000  1652613019199  1652613024476
read      468.9   274.6    86.8   235.0   275.5   440.8   510.3   554.2   589.7   632.6   689.3   779.4   990.5  1433.9 11052.6  94954.2    95000  1652613025979  1652613031249
read      642.2   328.2    93.8   360.6   403.2   597.9   709.6   771.4   814.2   864.2   930.6  1028.5  1194.7  1821.2 16530.7  98793.4   100000  1652613032751  1652613038029
read      624.6   295.6    86.8   350.7   392.4   582.6   690.2   750.6   793.8   844.7   908.2   999.1  1167.8  1700.0 12783.3 101817.8   105000  1652613039534  1652613044806
read      663.3   325.3   101.3   376.0   413.4   613.0   740.5   809.4   856.1   909.3   974.2  1064.5  1223.8  1772.1 15273.7  98112.4   110000  1652613046309  1652613051591
read      646.7   337.9    93.8   361.0   398.7   595.7   730.0   795.8   839.7   887.6   943.8  1026.0  1178.0  2191.5 13440.5 100764.6   115000  1652613053093  1652613058370
read      648.9   304.8   118.1   362.5   400.7   603.8   731.9   795.7   838.8   886.2   943.3  1029.8  1188.8  2071.9 11671.2 100448.6   120000  1652613059873  1652613065160
Warning! Detected max cpu usage > 95%
CPU Usage Stats (avg/min/max): 79.46%,38.38%,100.00%



run 3

ubuntu@client-measure-0708:~/memcache-perf-dynamic$ ./mcperf -s 10.156.15.218 -a 10.156.15.219 --noload -T 16 -C 4 -D 4 -Q 1000 -c 4 -t 5 --scan 5000:120000:5000
#type       avg     std     min      p5     p10     p50     p67     p75     p80     p85     p90     p95     p99    p999   p9999      QPS   target       ts_start         ts_end
read      339.2   550.0   101.3   189.2   210.6   308.7   339.1   356.4   369.1   385.9   406.9   449.6   618.2  7866.7 28736.9   4942.2     5000  1652613189423  1652613194776
read      372.7   307.7    93.8   186.2   211.9   371.9   414.3   433.3   449.2   466.9   493.9   539.3   700.5  3834.5 12013.1   9887.0    10000  1652613196280  1652613201601
read      383.1   176.9   101.3   179.6   208.2   386.3   441.6   468.6   489.1   510.8   542.5   592.9   720.1  1343.3  5771.5  14952.2    15000  1652613203105  1652613208417
read      398.4   248.8   101.3   181.4   210.9   391.0   454.3   488.6   512.0   539.3   575.7   634.7   774.9  3080.3 11517.6  19980.6    20000  1652613209921  1652613215213
read      413.3   265.8    93.8   181.2   212.8   402.5   468.8   506.1   533.2   565.0   606.9   672.8   808.5  3574.0 12077.5  25029.4    25000  1652613216717  1652613222001
read      404.2   212.2   101.3   183.2   213.0   386.3   459.0   503.7   535.1   570.3   613.8   677.5   804.9  1319.1  6781.0  30099.6    30000  1652613223505  1652613228801
read      421.4   213.3    93.8   187.1   219.5   401.2   478.5   523.1   553.6   591.0   640.7   709.0   863.1  2123.7  7385.1  35041.4    35000  1652613230305  1652613235589
read      413.5   248.7    93.8   187.4   217.9   390.1   463.3   508.3   540.7   577.3   625.8   695.2   858.0  3142.4 10257.6  39898.4    40000  1652613237092  1652613242370
read      418.1   207.7    93.8   192.0   224.2   403.3   473.9   516.4   544.3   578.2   623.0   690.6   861.3  1260.8  6656.8  44971.2    45000  1652613243873  1652613249145
read      398.8   201.2    93.8   191.7   220.9   376.0   441.9   483.9   516.0   552.8   600.6   684.0   847.0  1251.1  6358.6  50143.2    50000  1652613250648  1652613255930
read      401.9   305.7    86.8   187.1   216.3   373.7   444.5   486.5   516.4   551.8   603.4   683.1   882.2  2135.7 12459.2  54771.8    55000  1652613257433  1652613262716
read      389.7   178.4    86.8   187.0   215.8   366.4   434.6   475.0   506.5   544.9   592.3   666.0   830.3  1347.6  4539.0  59944.8    60000  1652613264220  1652613269490
read      380.7   203.1    86.8   185.7   213.8   355.6   418.9   457.6   488.9   527.7   576.7   652.3   825.7  1471.5  7304.9  64973.0    65000  1652613270993  1652613276268
read      384.3   200.1    80.4   178.9   208.0   361.0   429.2   469.2   500.5   538.2   586.6   658.3   837.2  1209.4  6890.2  70038.8    70000  1652613277770  1652613283053
read      389.3   246.0    86.8   183.8   213.2   365.8   432.8   471.3   502.4   538.6   585.1   655.9   840.7  1270.7  8562.8  74987.8    75000  1652613284556  1652613289837
read      374.0   217.1    86.8   188.6   216.5   351.3   412.2   446.8   473.7   508.4   554.9   623.7   786.4  1183.8  8166.2  79916.8    80000  1652613291340  1652613296613
read      387.7   198.9    86.8   187.5   218.3   365.0   430.1   466.9   496.4   531.8   578.4   647.9   848.6  1256.9  7013.2  84739.1    85000  1652613298116  1652613303404
read      383.2   192.9    86.8   194.3   223.9   362.9   424.4   459.8   486.5   518.5   559.4   624.2   795.1  1281.6  7103.8  89944.4    90000  1652613304907  1652613310198
read      397.5   197.2    93.8   213.8   242.1   375.7   435.9   470.1   497.6   530.2   572.5   637.8   819.0  1258.9  8017.5  94841.8    95000  1652613311701  1652613316979
read      386.7   203.2    86.8   213.5   240.9   367.7   423.6   455.9   479.9   509.4   550.0   615.4   773.6  1093.2  7327.5  99982.9   100000  1652613318482  1652613323774
read      464.8   242.4    86.8   248.3   280.5   440.3   509.4   549.7   580.5   618.2   669.7   748.0   925.0  1361.8 12052.6 104872.8   105000  1652613325277  1652613330560
read      553.4   259.6    93.8   298.8   342.2   534.7   615.6   660.3   691.3   729.7   777.8   850.9  1005.1  1453.8 10848.7 109095.2   110000  1652613332063  1652613337344
read      508.3   223.3   101.3   279.6   319.6   492.0   559.3   598.0   627.8   663.2   708.6   780.2   927.8  1283.6  9020.2 114192.2   115000  1652613338847  1652613344126
read      554.8   242.8   109.4   305.9   351.5   543.0   614.8   653.6   681.7   715.8   757.2   824.8   968.5  1374.4 10742.4 115226.8   120000  1652613345629  1652613350918
Warning! Detected max cpu usage > 95%
CPU Usage Stats (avg/min/max): 77.83%,33.50%,100.00%




################ 1 thread, 2 cores ################

run 1

ubuntu@client-measure-0708:~/memcache-perf-dynamic$ ./mcperf -s 10.156.15.218 -a 10.156.15.219 --noload -T 16 -C 4 -D 4 -Q 1000 -c 4 -t 5 --scan 5000:120000:5000
#type       avg     std     min      p5     p10     p50     p67     p75     p80     p85     p90     p95     p99    p999   p9999      QPS   target       ts_start         ts_end
read      363.1   456.8   101.3   192.3   217.2   328.5   368.9   392.3   409.1   430.2   463.9   552.5   820.7  5503.1 19812.1   4900.6     5000  1652613461583  1652613466938
read      378.4   348.8    93.8   183.4   208.1   368.8   414.8   432.6   450.2   472.2   521.3   590.1   774.3  4959.8 14231.1   9978.2    10000  1652613468442  1652613473767
read      393.7   213.9    93.8   177.3   204.5   380.5   434.8   480.1   521.7   562.8   614.2   681.3   802.0  1322.6  8541.9  15051.5    15000  1652613475270  1652613480557
read      415.6   343.1    93.8   176.8   206.9   385.4   457.1   523.3   562.9   605.3   655.7   721.3   862.4  3950.9 11489.4  20120.8    20000  1652613482060  1652613487366
read      427.5   293.1    86.8   177.2   208.2   389.0   476.5   549.5   595.2   637.6   685.6   754.8   901.3  2583.5 11352.0  24965.6    25000  1652613488870  1652613494160
read      428.7   244.3    93.8   178.6   209.2   387.0   482.3   555.3   602.9   649.5   703.3   776.5   917.2  1274.0  8158.6  29821.0    30000  1652613495663  1652613500945
read      427.4   233.0    93.8   181.5   213.3   386.3   479.2   546.3   594.8   641.2   693.9   767.0   921.6  1354.6  8202.3  35030.8    35000  1652613502448  1652613507723
read      425.0   243.4    93.8   177.5   209.6   382.4   475.3   542.7   588.8   639.1   695.7   774.8   920.7  1247.7  8735.1  39864.2    40000  1652613509226  1652613514498
read      422.8   246.4    86.8   179.3   211.1   381.6   468.6   529.6   574.9   627.6   690.6   769.6   916.4  1691.6  9568.5  45013.2    45000  1652613516000  1652613521284
read      423.4   235.6    86.8   176.1   207.1   381.8   472.3   533.6   578.2   629.5   694.3   783.0   939.0  1546.7  7906.2  50182.4    50000  1652613522788  1652613528066
read      410.6   236.7    93.8   176.3   207.2   369.5   452.4   508.8   551.8   602.8   668.7   761.2   921.4  1475.3  7985.4  55101.4    55000  1652613529570  1652613534842
read      407.5   211.1    86.8   176.7   206.4   368.2   452.3   508.8   550.8   600.8   665.0   754.6   914.6  1213.0  5806.7  59967.8    60000  1652613536346  1652613541628
read      401.4   209.9    80.4   173.0   202.6   364.8   444.6   497.9   538.8   587.5   651.8   743.5   912.2  1244.5  6721.8  64921.4    65000  1652613543132  1652613548408
read      397.9   283.3    80.4   177.5   206.6   361.4   434.9   484.6   523.5   569.8   632.7   727.2   895.6  1259.6  8003.2  69864.2    70000  1652613549911  1652613555187
read      391.6   197.1    86.8   177.8   207.2   358.9   429.0   476.6   515.0   560.9   625.0   714.0   869.7  1143.7  7554.2  74870.1    75000  1652613556690  1652613561971
read      391.9   214.0    80.4   180.7   210.1   360.9   432.2   477.3   511.5   552.8   611.3   698.4   861.1  1285.7  7605.4  79935.6    80000  1652613563475  1652613568743
read      391.6   216.2    80.4   186.1   215.5   362.4   428.5   470.1   503.2   544.5   600.8   686.0   854.6  1265.3  8711.7  84965.6    85000  1652613570247  1652613575527
read      389.5   182.2    86.8   186.3   215.7   362.8   428.7   470.1   502.8   542.6   596.8   685.1   849.4  1201.3  5422.8  89705.0    90000  1652613577031  1652613582303
read      401.3   231.5    86.8   195.3   225.5   373.3   439.2   481.3   512.1   549.6   605.3   689.5   860.0  1407.6  8463.3  95038.0    95000  1652613583807  1652613589082
read      414.1   211.9    86.8   212.3   244.0   389.3   453.5   493.4   523.6   560.3   611.7   688.5   849.1  1220.7  7900.3  99922.4   100000  1652613590585  1652613595870
read      508.8   235.9    80.4   266.5   307.4   485.9   559.6   603.7   636.4   678.2   731.9   814.1   990.6  1472.1 10284.6 105152.8   105000  1652613597373  1652613602642
read      554.7   233.2    93.8   303.2   348.2   532.1   610.4   655.8   689.1   730.7   783.5   861.7  1023.9  1445.7  8474.0 109658.2   110000  1652613604146  1652613609427
read      547.8   230.1    93.8   307.4   354.7   530.9   598.0   638.1   669.4   705.4   752.0   827.6   983.6  1456.7  9517.9 113358.0   115000  1652613610930  1652613616200
read      591.6   262.2    93.8   322.5   368.5   573.7   658.5   705.5   737.6   776.8   825.1   899.6  1044.6  1725.2 12075.5 109672.6   120000  1652613617703  1652613622981
Warning! Detected max cpu usage > 95%
CPU Usage Stats (avg/min/max): 80.50%,41.50%,100.00%




run 2

ubuntu@client-measure-0708:~/memcache-perf-dynamic$ ./mcperf -s 10.156.15.218 -a 10.156.15.219 --noload -T 16 -C 4 -D 4 -Q 1000 -c 4 -t 5 --scan 5000:120000:5000
#type       avg     std     min      p5     p10     p50     p67     p75     p80     p85     p90     p95     p99    p999   p9999      QPS   target       ts_start         ts_end
read      396.7   484.0   118.1   208.4   239.0   370.5   405.8   425.0   437.1   457.7   484.1   534.2   714.0  8390.9 15675.1   4962.8     5000  1652613686392  1652613691750
read      423.1   294.6   101.3   190.9   223.6   419.6   465.1   492.9   512.6   537.3   571.7   629.3   790.5  4322.8  9871.0  10011.8    10000  1652613693253  1652613698575
read      438.0   274.3    93.8   184.3   218.4   437.8   505.0   538.7   562.8   590.9   632.1   694.7   828.5  2738.6 11529.4  14970.0    15000  1652613700078  1652613705367
read      433.4   263.9    93.8   186.6   220.4   423.7   495.7   536.2   564.1   594.5   639.6   709.8   847.9  2145.0  9141.0  20005.0    20000  1652613706870  1652613712159
read      441.6   336.1   101.3   195.2   228.4   416.9   491.1   534.8   566.2   604.1   658.7   738.0   920.1  4369.1 13419.2  25077.0    25000  1652613713662  1652613718959
read      448.1   288.5    93.8   189.3   222.2   424.1   508.7   559.2   593.5   637.1   689.3   770.5   923.2  2410.0 12312.4  29875.2    30000  1652613720462  1652613725751
read      454.6   248.3    93.8   190.8   226.6   432.6   521.4   572.1   608.3   649.7   702.7   782.6   930.8  1277.7  9065.4  34870.2    35000  1652613727254  1652613732547
read      444.9   307.5    93.8   187.4   223.7   417.9   502.2   549.1   585.3   628.0   682.2   765.6   943.0  2455.7 12838.6  39938.2    40000  1652613734049  1652613739321
read      439.1   288.9    86.8   188.1   223.1   411.5   496.2   546.0   583.5   625.8   679.7   761.8   924.4  1617.0 11357.3  44793.8    45000  1652613740824  1652613746111
read      436.8   245.3    86.8   192.5   226.0   408.8   492.4   539.9   575.1   618.5   677.1   767.7   951.0  1466.5 10466.1  49921.2    50000  1652613747613  1652613752891
read      423.9   263.5    86.8   189.8   221.1   394.9   476.6   524.3   559.2   601.4   657.6   744.2   929.9  1517.6  8027.0  54837.4    55000  1652613754395  1652613759665
read      413.2   241.6    93.8   194.2   222.4   378.6   458.2   506.5   542.9   587.8   648.6   738.2   923.7  1483.1  7925.8  59909.6    60000  1652613761168  1652613766439
read      412.1   230.6    86.8   179.8   211.4   380.6   464.1   511.4   545.6   588.9   646.0   733.8   926.0  1476.3  8240.5  64887.6    65000  1652613767943  1652613773221
read      403.2   250.1    80.4   183.4   213.5   372.7   450.8   496.8   531.2   571.5   623.9   707.9   902.1  1326.3 10276.2  69660.2    70000  1652613774724  1652613780011
read      400.4   213.8    74.4   183.5   213.7   372.1   447.9   492.4   525.3   564.8   618.2   700.0   890.1  1312.3  7977.4  75121.4    75000  1652613781514  1652613786802
read      395.2   208.3    86.8   191.0   219.9   365.2   438.0   481.1   513.6   552.3   605.9   691.5   867.2  1274.1  6252.4  79849.6    80000  1652613788307  1652613793584
read      405.3   215.0    86.8   197.1   226.6   377.2   450.6   493.2   524.9   562.9   612.5   690.5   872.7  1351.8  8065.8  84918.6    85000  1652613795088  1652613800376
read      412.9   212.3    86.8   202.3   232.3   384.6   456.9   499.1   531.6   571.6   624.8   709.9   892.8  1251.7  8069.2  89857.1    90000  1652613801879  1652613807153
read      446.9   236.7    86.8   216.5   251.8   420.4   493.4   536.8   570.8   612.7   668.3   754.0   946.3  1309.4  8573.5  94660.8    95000  1652613808656  1652613813933
read      501.7   266.8    93.8   251.3   291.0   471.4   551.2   600.5   637.8   684.8   743.2   837.6  1024.3  1489.4 12094.8  99743.6   100000  1652613815436  1652613820746
read      663.0   309.3   137.8   373.8   411.4   602.1   738.9   819.2   869.6   926.9   992.5  1076.4  1231.7  1700.7 11969.3  97743.0   105000  1652613822250  1652613827523
read      608.7   304.6   109.4   336.1   375.0   570.3   682.9   742.1   783.7   830.0   885.3   968.8  1117.1  1875.2 12886.9 104967.3   110000  1652613829026  1652613834300
read      619.0   304.4   109.4   343.3   383.3   579.1   689.4   748.3   790.3   838.3   898.0   987.6  1153.6  2041.3 12783.9 104962.6   115000  1652613835804  1652613841078
read      613.1   303.7   101.3   338.9   379.5   576.5   686.1   743.6   783.9   829.7   886.8   971.3  1115.1  1598.0 12836.9 105936.2   120000  1652613842581  1652613847865
Warning! Detected max cpu usage > 95%
CPU Usage Stats (avg/min/max): 78.33%,35.00%,100.00%



run 3

ubuntu@client-measure-0708:~/memcache-perf-dynamic$ ./mcperf -s 10.156.15.218 -a 10.156.15.219 --noload -T 16 -C 4 -D 4 -Q 1000 -c 4 -t 5 --scan 5000:120000:5000
#type       avg     std     min      p5     p10     p50     p67     p75     p80     p85     p90     p95     p99    p999   p9999      QPS   target       ts_start         ts_end
read      354.0   336.7   109.4   195.5   222.3   336.9   369.8   389.2   402.3   423.1   452.4   513.1   677.1  4425.7 15687.0   4967.8     5000  1652613919623  1652613924979
read      401.0   312.6   101.3   194.4   225.8   387.1   436.2   465.4   487.9   514.2   550.2   612.2   761.9  3984.7 12914.8  10006.6    10000  1652613926482  1652613931801
read      419.1   370.6    93.8   186.9   218.9   401.9   469.8   508.9   535.5   566.2   605.6   670.5   827.0  4115.2 16618.8  14928.8    15000  1652613933305  1652613938600
read      425.0   330.4    93.8   186.0   217.4   401.5   480.6   526.6   556.3   590.5   634.2   699.6   850.4  4199.0 15072.5  19913.4    20000  1652613940103  1652613945397
read      438.6   267.3    93.8   185.0   219.6   414.7   500.3   547.5   580.5   619.3   667.1   739.5   899.9  2578.3  9134.1  25066.4    25000  1652613946900  1652613952186
read      450.3   333.2    86.8   199.1   231.7   418.5   499.5   546.9   581.9   627.0   683.3   765.2   930.8  4499.1 12697.6  30105.8    30000  1652613953690  1652613958977
read      453.3   268.2    86.8   189.8   224.2   421.6   516.5   571.1   610.5   655.3   712.8   795.2   954.1  1789.3 10682.9  34951.8    35000  1652613960480  1652613965767
read      441.2   278.1    86.8   193.6   226.8   410.7   497.1   547.0   583.8   625.5   678.4   753.5   915.7  2948.0 12322.5  39844.6    40000  1652613967271  1652613972548
read      443.1   249.0    93.8   191.7   226.2   412.4   500.2   551.4   589.6   632.8   686.8   773.4   930.0  2271.0  8128.8  44889.4    45000  1652613974051  1652613979335
read      425.1   233.3    80.4   192.4   223.0   392.9   477.6   529.1   566.0   609.9   666.3   746.2   912.7  1385.8  8138.3  50046.2    50000  1652613980838  1652613986123
read      415.9   248.0    86.8   188.0   218.3   380.6   464.4   516.4   553.4   600.3   660.6   738.8   897.2  1385.9 10880.0  54826.8    55000  1652613987626  1652613992905
read      413.9   233.1    93.8   192.4   220.7   379.4   461.2   509.2   545.1   590.2   650.5   735.8   919.2  1705.2  8108.4  59938.2    60000  1652613994408  1652613999687
read      404.8   246.5    86.8   171.5   203.4   372.3   455.9   505.7   541.8   584.8   639.3   725.6   897.7  1346.4 10847.6  65100.4    65000  1652614001190  1652614006470
read      399.8   221.8    86.8   177.1   207.7   369.4   448.2   495.9   531.6   573.7   628.3   709.5   869.2  1180.6  9517.0  69752.4    70000  1652614007974  1652614013282
read      398.2   259.0    80.4   186.2   215.5   365.4   438.4   484.3   518.8   559.3   615.1   702.6   893.4  1494.4  9804.3  75181.6    75000  1652614014786  1652614020102
read      395.6   226.9    86.8   188.4   218.7   364.5   435.5   479.4   512.6   552.6   608.6   690.1   864.0  1282.0  9390.8  80337.2    80000  1652614021606  1652614026892
read      393.6   220.6    74.4   193.9   223.4   362.7   429.5   471.3   504.2   545.7   600.3   683.8   867.1  1323.9  9708.4  84906.4    85000  1652614028395  1652614033688
read      408.8   234.7    86.8   205.9   234.5   379.5   449.0   490.7   522.7   561.9   614.2   694.1   872.1  1479.2  8052.1  90042.2    90000  1652614035192  1652614040465
read      428.3   233.7    93.8   209.4   239.1   391.8   467.0   515.1   552.6   600.2   662.4   759.3   977.2  1361.9  9136.9  95041.8    95000  1652614041968  1652614047257
read      506.9   237.3    86.8   257.6   296.7   477.0   560.1   610.4   647.3   692.1   748.8   841.2  1025.5  1344.7  8044.1  99886.0   100000  1652614048761  1652614054035
read      647.3   314.8    93.8   354.3   398.6   591.1   715.4   793.7   846.3   904.0   971.9  1062.5  1204.8  1603.6 12755.2  98714.4   105000  1652614055539  1652614060827
read      540.7   264.2   101.3   289.5   331.5   520.4   593.5   637.0   670.4   709.1   758.4   840.1  1058.5  2041.0 12463.3 109972.4   110000  1652614062330  1652614067607
read      574.8   263.8   101.3   313.1   354.8   551.9   641.5   690.3   725.5   765.4   814.9   893.2  1039.4  1477.0 11776.4 110886.6   115000  1652614069111  1652614074377
read      626.1   289.2   118.1   349.5   390.8   585.3   697.6   758.7   800.1   847.9   906.2   991.4  1152.5  2037.9 12119.4 103978.2   120000  1652614075880  1652614081161
Warning! Detected max cpu usage > 95%
CPU Usage Stats (avg/min/max): 57.36%,1.01%,100.00%





################ 2 threads, 1 core ################
run 1

ubuntu@client-measure-0708:~/memcache-perf-dynamic$ ./mcperf -s 10.156.15.218 -a 10.156.15.219 --noload -T 16 -C 4 -D 4 -Q 1000 -c 4 -t 5 --scan 5000:120000:5000
#type       avg     std     min      p5     p10     p50     p67     p75     p80     p85     p90     p95     p99    p999   p9999      QPS   target       ts_start         ts_end
read      347.4   403.7    93.8   183.2   210.5   322.5   358.5   377.8   394.3   415.0   445.8   500.8   736.1  6361.3 16930.8   4925.2     5000  1652615402863  1652615408203
read      390.6   327.0    93.8   184.6   217.1   379.5   430.3   455.8   472.1   496.0   526.0   581.0   793.0  4911.2 11815.6   9944.0    10000  1652615409709  1652615415028
read      421.2   265.8    93.8   182.5   221.9   412.0   469.8   499.1   519.8   543.4   579.4   689.3   913.3  3391.0  8221.3  14991.2    15000  1652615416532  1652615421821
read      444.6   365.7    86.8   176.3   210.5   423.0   491.4   527.3   551.7   581.5   644.4   793.7  1009.1  4686.2 13934.1  20058.0    20000  1652615423324  1652615428622
read      446.4   311.3    80.4   170.1   204.0   424.3   497.3   538.1   566.3   598.1   694.0   843.5  1067.7  3075.1 12504.4  24879.8    25000  1652615430125  1652615435413
read      453.1   365.5    86.8   166.5   195.9   418.6   502.3   549.1   579.8   631.5   751.4   906.5  1159.2  4101.9  8759.0  29935.6    30000  1652615436916  1652615442217
read      453.6   312.2    86.8   165.6   194.4   407.7   499.1   551.7   585.8   655.4   792.0   948.2  1242.7  2477.9 10579.3  34817.4    35000  1652615443720  1652615449002
read      462.0   283.7    86.8   170.6   203.4   428.0   506.7   555.6   587.5   640.6   774.9   943.8  1270.3  1836.0  8794.0  39957.4    40000  1652615450505  1652615455787
read      447.8   311.6    86.8   166.3   195.7   405.8   493.4   544.1   580.0   633.0   749.1   929.9  1260.4  1853.0 12121.6  44941.8    45000  1652615457290  1652615462565
read      440.5   311.1    80.4   163.3   190.7   392.5   479.9   528.3   567.1   618.4   741.8   941.6  1336.8  2155.3  9176.5  49803.4    50000  1652615464068  1652615469353
read      431.8   280.2    86.8   163.8   189.6   381.6   474.5   524.2   562.5   609.7   715.9   935.9  1342.0  2012.2  8261.9  54838.2    55000  1652615470856  1652615476133
read      428.3   276.3    86.8   168.7   193.6   369.6   464.2   518.9   561.8   617.4   731.6   936.0  1315.1  1838.2  7967.4  59976.2    60000  1652615477636  1652615482912
read      413.9   275.9    80.4   166.2   192.0   364.0   456.9   507.9   549.9   593.6   674.9   848.6  1190.7  1811.7 10360.1  64866.4    65000  1652615484415  1652615489712
read      411.3   259.1    86.8   166.9   192.7   360.3   450.2   501.9   543.7   591.6   674.5   847.0  1192.3  1889.0  7939.3  69955.6    70000  1652615491215  1652615496496
read      403.4   262.4    86.8   166.4   190.9   351.1   436.8   488.3   530.6   581.4   659.8   846.4  1192.5  1772.7  8115.6  74937.6    75000  1652615497999  1652615503282
read      414.7   319.0    86.8   167.5   191.5   356.4   446.4   497.9   540.7   593.4   685.1   879.6  1282.7  2017.7 13709.8  79852.4    80000  1652615504786  1652615510075
read      411.1   287.3    86.8   167.0   191.2   348.0   435.3   489.3   535.0   590.4   681.6   870.4  1369.9  2391.6  8029.8  84900.7    85000  1652615511579  1652615516848
read      417.4   271.8    86.8   179.7   204.5   360.9   442.0   495.8   540.8   596.2   687.2   870.5  1258.4  1959.8  8136.2  90098.8    90000  1652615518351  1652615523640
read      516.6   432.9    86.8   196.3   224.3   393.0   495.1   579.6   661.4   779.3   950.9  1287.1  2104.1  3655.3 11791.2  94928.6    95000  1652615525142  1652615530426
read      674.4   922.9    93.8   224.4   258.1   410.3   505.4   631.6   776.0   978.9  1372.8  2111.2  4054.6  7865.6 31192.2  96395.6   100000  1652615531929  1652615537209
read      673.6   890.1    93.8   227.0   261.6   408.8   518.5   686.2   812.8  1021.4  1373.2  2067.8  3818.6  7050.6 31112.0  97860.2   105000  1652615538713  1652615543998
read      650.3   828.4    80.4   222.7   252.2   396.4   517.8   685.0   806.6   998.6  1320.2  1936.9  3656.5  7258.9 30704.7 100950.6   110000  1652615545502  1652615550794
read      648.9   707.4    86.8   227.4   258.8   411.2   553.9   712.6   827.0  1005.0  1297.1  1877.7  3385.5  5695.0 18303.2 100635.2   115000  1652615552296  1652615557569
read      679.2   917.0    86.8   225.6   263.4   417.9   530.2   693.4   802.3   991.8  1356.2  2063.7  3904.2  7494.7 31844.6  97290.3   120000  1652615559072  1652615564346
Warning! Detected max cpu usage > 95%
CPU Usage Stats (avg/min/max): 77.39%,32.16%,100.00%




run 2

ubuntu@client-measure-0708:~/memcache-perf-dynamic$ ./mcperf -s 10.156.15.218 -a 10.156.15.219 --noload -T 16 -C 4 -D 4 -Q 1000 -c 4 -t 5 --scan 5000:120000:5000
#type       avg     std     min      p5     p10     p50     p67     p75     p80     p85     p90     p95     p99    p999   p9999      QPS   target       ts_start         ts_end
read      349.0   477.5   101.3   185.9   207.3   319.6   355.8   374.0   388.6   403.4   428.8   478.9   748.5  7890.2 18646.0   4943.4     5000  1652615587566  1652615592941
read      388.6   361.7   101.3   185.1   212.3   375.9   430.1   456.0   472.2   495.4   524.9   575.3   756.8  4266.5 12424.8  10052.8    10000  1652615594446  1652615599780
read      412.4   285.1   101.3   180.6   213.7   401.5   466.8   499.1   522.0   547.6   580.7   634.1   890.1  3895.5 12163.9  15002.8    15000  1652615601283  1652615606563
read      426.2   230.4    93.8   176.7   209.5   414.9   488.1   527.9   554.0   583.1   621.6   685.6   959.0  3570.8  7530.2  20021.8    20000  1652615608066  1652615613364
read      429.6   276.9    93.8   172.1   202.8   411.1   488.9   534.7   565.6   597.8   639.9   726.2  1019.9  3286.7 11408.1  24976.0    25000  1652615614867  1652615620164
read      443.3   326.5    86.8   173.3   203.1   416.4   498.5   547.9   581.7   621.3   672.2   816.4  1079.7  4221.1 12151.4  29980.0    30000  1652615621668  1652615626949
read      428.8   269.8    93.8   172.2   199.6   398.3   486.6   539.7   577.6   620.1   671.7   786.9  1053.3  2314.6  9597.6  34903.2    35000  1652615628452  1652615633734
read      448.1   321.4    86.8   171.6   200.9   410.3   500.3   552.9   592.2   636.5   700.6   898.3  1185.7  2624.7 12824.4  39911.8    40000  1652615635237  1652615640511
read      440.2   292.0    86.8   170.9   198.6   397.6   495.1   553.0   594.4   638.5   700.8   873.2  1164.0  2320.5  9143.3  44988.4    45000  1652615642014  1652615647295
read      433.4   271.0    86.8   169.0   195.7   387.3   481.2   535.8   577.2   627.0   696.7   891.8  1246.8  1822.6  8278.3  49863.6    50000  1652615648799  1652615654074
read      417.4   276.7    86.8   168.3   194.4   370.9   467.6   521.5   564.2   612.5   672.9   810.8  1124.3  1641.4 10050.7  55065.2    55000  1652615655578  1652615660881
read      406.5   252.0    86.8   165.6   191.1   362.3   457.3   508.3   549.6   599.5   660.3   785.4  1088.8  1589.0  8138.4  60039.8    60000  1652615662385  1652615667667
read      409.7   283.3    86.8   167.0   191.8   356.7   452.5   506.3   549.7   603.6   672.2   822.0  1169.7  1804.6 11123.9  64970.4    65000  1652615669171  1652615674435
read      405.1   283.7    80.4   167.5   193.0   355.7   447.6   499.4   540.7   591.5   660.6   795.9  1142.5  1673.2 12254.4  69975.4    70000  1652615675939  1652615681211
read      406.1   258.5    80.4   169.4   193.9   355.0   447.9   500.6   543.0   596.3   664.0   801.8  1153.5  1779.4  8583.5  75080.6    75000  1652615682714  1652615687984
read      388.1   236.1    86.8   166.5   190.9   340.4   426.3   477.6   518.7   570.7   635.2   744.9  1070.2  1672.1  7944.8  79925.6    80000  1652615689488  1652615694760
read      391.3   254.9    86.8   168.7   192.7   339.7   423.4   474.0   516.6   568.6   635.7   762.8  1136.4  2012.7  8352.8  84845.0    85000  1652615696263  1652615701539
read      401.4   256.9    86.8   175.5   200.2   347.4   429.8   482.9   527.6   583.8   661.8   802.3  1163.2  1894.4  8048.4  90107.4    90000  1652615703043  1652615708319
read      414.8   258.6    86.8   184.4   209.4   357.1   438.7   494.3   539.3   595.4   677.5   833.0  1268.8  1993.5  7983.4  95231.6    95000  1652615709822  1652615715102
read      427.3   296.2    86.8   189.1   214.7   364.7   446.9   502.2   548.1   609.4   698.9   880.0  1353.6  2112.0  8936.7  99917.8   100000  1652615716605  1652615721882
read      535.1   564.0    80.4   207.7   233.0   388.2   515.1   604.3   681.1   789.1   962.0  1327.4  2322.7  5473.4 16557.4 104676.0   105000  1652615723386  1652615728669
read      641.7   802.9    80.4   226.5   254.9   385.8   504.1   671.1   802.1   997.1  1316.5  1921.7  3587.6  7083.6 30880.3 102048.4   110000  1652615730172  1652615735455
read      605.8   628.5    86.8   226.7   250.7   384.6   553.8   696.6   801.5   944.6  1195.3  1686.1  2913.6  5257.6 16085.2 107376.8   115000  1652615736959  1652615742237
read      578.6   573.1    93.8   224.1   248.1   403.1   577.1   680.2   765.9   883.9  1076.0  1431.3  2548.2  5022.9 16244.3 112430.6   120000  1652615743740  1652615749017
Warning! Detected max cpu usage > 95%
CPU Usage Stats (avg/min/max): 78.85%,36.55%,100.00%




run 3

ubuntu@client-measure-0708:~/memcache-perf-dynamic$ ./mcperf -s 10.156.15.218 -a 10.156.15.219 --noload -T 16 -C 4 -D 4 -Q 1000 -c 4 -t 5 --scan 5000:120000:5000
#type       avg     std     min      p5     p10     p50     p67     p75     p80     p85     p90     p95     p99    p999   p9999      QPS   target       ts_start         ts_end
read      343.4   379.2   101.3   185.4   211.0   315.6   354.7   375.0   391.2   409.4   436.7   495.2   691.8  7240.7 12840.8   4941.2     5000  1652615784755  1652615790130
read      384.6   437.0    93.8   181.0   208.6   366.9   423.3   451.3   469.9   493.1   523.8   582.5   744.3  4715.8 19755.1   9951.4    10000  1652615791633  1652615796965
read      403.2   293.3    86.8   175.2   206.9   392.4   458.8   491.8   513.9   541.3   577.8   637.6   821.5  3236.7 12851.0  14947.8    15000  1652615798468  1652615803755
read      415.1   300.4    86.8   169.0   200.4   393.9   472.3   516.8   546.8   581.4   623.6   690.9   934.1  3234.6 12829.4  19986.6    20000  1652615805258  1652615810555
read      421.5   251.1    93.8   167.3   196.2   402.4   484.3   530.2   561.2   595.7   642.0   732.8  1032.1  1502.7  8559.5  24962.8    25000  1652615812057  1652615817350
read      435.9   239.0    86.8   165.8   196.3   424.3   503.1   548.5   579.8   615.6   664.4   748.4  1074.5  1455.8  8198.2  30005.0    30000  1652615818853  1652615824139
read      437.6   275.6    86.8   166.3   195.3   410.2   502.7   555.0   592.3   633.4   692.6   793.4  1098.4  2271.6  8750.0  34865.4    35000  1652615825642  1652615830927
read      447.6   316.0    86.8   166.3   194.6   407.6   500.1   552.5   590.9   640.3   721.0   900.8  1245.4  2890.8 10535.0  39811.8    40000  1652615832430  1652615837700
read      433.1   260.6    93.8   167.1   195.3   396.8   493.5   548.1   588.2   634.4   700.8   813.6  1148.6  1628.8  8422.5  45037.2    45000  1652615839203  1652615844483
read      433.5   327.6    86.8   159.9   185.9   379.1   481.0   536.0   579.6   633.3   719.5   917.4  1324.1  2032.5 12548.5  49983.0    50000  1652615845985  1652615851266
read      418.5   273.1    80.4   161.1   186.7   375.7   478.0   532.3   573.3   619.7   680.8   791.7  1159.5  1873.9  8969.1  54948.4    55000  1652615852769  1652615858044
read      409.6   261.4    86.8   158.8   184.1   358.7   463.5   518.5   561.2   611.2   678.9   801.7  1174.8  1805.4  7972.6  60079.4    60000  1652615859547  1652615864834
read      399.1   263.6    86.8   156.0   180.7   342.9   446.1   504.0   549.4   603.9   674.9   794.5  1160.8  1708.5  8709.8  64988.4    65000  1652615866338  1652615871622
read      410.2   294.5    80.4   155.7   180.1   348.0   451.1   508.2   551.6   609.1   688.3   849.2  1334.8  2183.6  9509.0  69795.6    70000  1652615873125  1652615878401
read      404.2   300.3    80.4   151.8   175.3   330.2   431.5   493.5   541.5   602.3   692.7   887.5  1448.7  2309.7  8315.2  75134.0    75000  1652615879905  1652615885189
read      399.9   265.9    86.8   165.2   189.3   343.3   434.7   490.7   535.8   590.8   669.1   803.5  1186.5  1934.3  8639.2  80032.2    80000  1652615886692  1652615891979
read      402.7   270.7    80.4   166.0   190.0   342.8   432.7   491.5   538.8   597.2   678.5   817.8  1235.6  1886.3  7953.8  84918.8    85000  1652615893483  1652615898769
read      401.0   241.6    86.8   169.0   192.8   345.2   432.4   488.4   534.4   591.0   671.7   814.4  1188.9  1811.8  6672.5  89910.4    90000  1652615900272  1652615905554
read      417.8   303.3    86.8   174.7   198.6   352.7   438.1   497.8   546.2   607.9   697.9   873.4  1348.2  2198.2  7665.4  95286.6    95000  1652615907057  1652615912325
read      533.7   515.3    80.4   203.9   230.5   390.8   505.9   595.9   677.2   788.4   987.6  1358.0  2334.4  4451.9 16998.0  99936.0   100000  1652615913828  1652615919108
read      595.7   761.4    93.8   205.4   230.2   372.5   477.2   598.9   726.0   914.8  1207.9  1786.8  3211.5  6507.4 30132.4 103393.4   105000  1652615920611  1652615925883
read      607.0   668.5    93.8   221.5   246.2   387.2   548.7   688.0   793.5   948.3  1197.2  1684.2  3048.6  5419.6 21096.9 106467.8   110000  1652615927386  1652615932660
read      621.0   894.9    86.8   217.0   241.8   377.6   506.6   655.4   772.5   942.5  1216.8  1759.2  3353.7 10048.1 31556.3 106390.2   115000  1652615934164  1652615939445
read      619.0   716.7    93.8   220.3   246.8   398.0   533.7   669.0   797.0   978.2  1249.9  1756.0  3129.8  5503.2 30501.4 105963.0   120000  1652615940949  1652615946231
Warning! Detected max cpu usage > 95%
CPU Usage Stats (avg/min/max): 78.23%,34.69%,100.00%






################ 2 threads, 2 cores ################

run 1

ubuntu@client-measure-0708:~/memcache-perf-dynamic$ ./mcperf -s 10.156.15.218 -a 10.156.15.219 --noload -T 16 -C 4 -D 4 -Q 1000 -c 4 -t 5 --scan 5000:120000:5000
#type       avg     std     min      p5     p10     p50     p67     p75     p80     p85     p90     p95     p99    p999   p9999      QPS   target       ts_start         ts_end
read      329.9   348.0   101.3   187.3   209.8   310.3   338.8   355.3   368.1   385.6   411.1   467.2   692.0  5592.6 12468.3   4935.6     5000  1652615998529  1652616003878
read      368.0   446.8   101.3   187.2   212.5   356.9   390.5   407.5   421.7   435.9   463.0   518.5   694.7  5175.5 25844.2   9950.8    10000  1652616005382  1652616010719
read      370.8   308.8   101.3   181.8   210.4   371.6   406.9   426.3   439.7   462.6   494.9   549.8   725.5  2209.1 16077.9  14957.6    15000  1652616012223  1652616017510
read      361.1   197.8    93.8   177.0   206.1   365.7   402.2   421.6   434.1   453.7   479.0   535.5   682.5  2843.6  8362.1  19837.4    20000  1652616019014  1652616024311
read      367.0   223.0    93.8   175.2   204.0   367.8   411.8   434.3   452.0   470.6   501.7   556.3   724.0  1889.0 10160.0  24979.4    25000  1652616025815  1652616031101
read      363.1   208.7    93.8   173.8   203.5   365.0   412.2   434.9   453.0   471.8   500.6   545.7   682.5  1484.5 11070.9  30005.5    30000  1652616032604  1652616037881
read      374.1   336.8    86.8   174.5   203.7   365.4   419.2   446.8   466.5   491.5   523.5   579.2   741.8  2857.4 16668.1  34943.0    35000  1652616039384  1652616044661
read      370.9   191.6    86.8   173.1   204.2   371.1   421.8   448.5   467.5   491.5   521.7   574.5   719.2  1270.9  9516.3  39879.8    40000  1652616046164  1652616051450
read      365.0   187.9    86.8   172.4   200.7   359.9   417.1   445.7   466.5   491.7   522.8   572.8   710.2  1280.0  8253.9  45065.8    45000  1652616052954  1652616058242
read      369.0   182.5    93.8   175.4   205.6   363.9   420.0   449.0   469.2   494.6   526.3   577.4   724.7  1314.3  5051.9  50062.0    50000  1652616059746  1652616065016
read      367.4   223.2    93.8   173.4   203.3   353.8   413.2   444.8   467.4   494.9   529.4   584.0   765.3  1438.6  8678.4  55092.4    55000  1652616066519  1652616071799
read      357.3   193.0    86.8   167.5   196.9   346.0   404.5   435.1   457.8   483.7   515.7   568.3   722.6  1265.0  7541.9  59869.6    60000  1652616073303  1652616078600
read      347.4   172.6    86.8   170.8   198.9   333.8   391.3   421.5   443.1   468.8   501.9   547.6   668.6  1399.9  6611.0  64839.8    65000  1652616080102  1652616085415
read      344.3   172.7    80.4   169.0   196.5   329.3   387.4   418.3   439.9   466.7   500.5   547.5   678.0  1265.6  6082.1  69919.8    70000  1652616086919  1652616092193
read      345.4   223.9    86.8   174.3   201.1   325.9   379.6   410.5   433.1   462.0   498.3   549.6   706.2  1561.0  8910.3  74976.4    75000  1652616093696  1652616098975
read      335.2   177.8    80.4   173.7   200.0   316.7   366.3   396.2   419.4   447.6   484.3   539.2   679.0  1256.7  8006.8  80148.8    80000  1652616100478  1652616105771
read      331.4   161.4    80.4   172.4   198.4   313.9   363.0   393.1   415.9   443.2   479.2   532.9   663.4  1161.9  6781.3  85045.0    85000  1652616107275  1652616112546
read      314.9   141.5    86.8   169.5   194.8   301.2   341.1   366.6   387.1   412.5   447.2   497.6   612.9  1070.6  5020.2  90011.4    90000  1652616114048  1652616119344
read      315.4   141.4    80.4   165.5   190.9   301.8   344.4   370.5   390.7   415.4   450.2   501.1   624.8  1081.8  4777.5  94806.2    95000  1652616120847  1652616126130
read      315.7   198.4    86.8   171.2   196.3   301.9   341.6   366.0   384.9   408.5   442.3   494.9   622.1  1111.8  7861.4  99842.5   100000  1652616127633  1652616132915
read      317.7   165.6    86.8   174.4   200.7   303.4   341.4   365.3   384.0   407.0   441.3   496.7   636.7  1232.6  7730.8 104899.4   105000  1652616134418  1652616139693
read      323.0   152.9    86.8   185.0   211.8   308.8   344.4   367.7   386.2   408.8   441.3   494.8   644.0  1192.5  6366.1 109969.5   110000  1652616141196  1652616146463
read      320.1   172.8    86.8   190.0   216.2   306.7   339.9   361.4   377.6   399.7   430.4   478.6   607.3  1206.7  8539.2 115255.2   115000  1652616147966  1652616153252
read      328.4   169.5    86.8   191.9   219.2   313.9   350.1   372.5   390.8   412.4   442.5   493.2   633.9  1350.1  8165.5 119898.6   120000  1652616154755  1652616160056
Warning! Detected max cpu usage > 95%
CPU Usage Stats (avg/min/max): 58.17%,1.51%,100.00%




run 2

ubuntu@client-measure-0708:~/memcache-perf-dynamic$ ./mcperf -s 10.156.15.218 -a 10.156.15.219 --noload -T 16 -C 4 -D 4 -Q 1000 -c 4 -t 5 --scan 5000:120000:5000
#type       avg     std     min      p5     p10     p50     p67     p75     p80     p85     p90     p95     p99    p999   p9999      QPS   target       ts_start         ts_end
read      340.0   427.6   109.4   186.2   209.1   311.0   342.9   361.9   374.7   393.7   418.4   465.1   688.9  7968.5 15278.0   4939.6     5000  1652616191053  1652616196406
read      361.6   313.8   101.3   187.2   212.9   360.7   394.0   411.8   425.6   441.5   466.6   510.7   639.4  3969.8 15375.0   9942.4    10000  1652616197910  1652616203224
read      383.2   290.4   101.3   184.6   214.9   382.0   422.6   443.9   461.0   482.5   513.7   577.0   754.0  3917.2 12172.6  15107.1    15000  1652616204728  1652616210022
read      378.4   248.3   101.3   181.4   210.6   379.2   421.6   443.4   460.4   481.1   510.4   574.5   736.9  3954.6  9395.5  19951.4    20000  1652616211526  1652616216818
read      389.3   234.1    93.8   180.2   211.9   389.3   436.1   461.7   480.8   505.1   540.0   598.5   770.8  2126.6  9957.3  25115.0    25000  1652616218321  1652616223611
read      386.9   267.1    86.8   176.7   209.3   385.1   433.5   459.5   477.8   500.9   532.8   589.4   758.5  3176.8 12249.0  29940.0    30000  1652616225114  1652616230422
read      387.1   265.1    80.4   177.2   209.5   382.8   435.4   464.1   485.3   508.8   541.9   598.2   779.8  2789.6  8653.1  34949.2    35000  1652616231926  1652616237218
read      377.3   235.0    86.8   176.5   207.2   371.5   425.2   453.6   473.1   498.3   530.2   582.7   755.1  2529.8  8558.0  40140.8    40000  1652616238721  1652616243993
read      375.0   202.9    86.8   177.7   207.7   369.3   426.2   455.1   475.2   500.9   533.0   582.9   729.7  1689.5  7861.1  44758.6    45000  1652616245496  1652616250787
read      375.5   222.9    86.8   173.9   204.1   367.2   426.2   456.5   477.9   503.3   536.9   590.2   760.1  1566.4  8477.3  49845.8    50000  1652616252290  1652616257562
read      371.9   224.4    86.8   175.4   205.3   359.8   421.7   452.5   473.5   500.0   533.1   584.1   733.0  2397.6  8714.5  54931.0    55000  1652616259066  1652616264336
read      371.0   211.7    86.8   174.0   204.6   359.1   419.9   451.1   472.3   499.4   533.2   584.5   741.3  1632.8  9633.7  59939.0    60000  1652616265841  1652616271119
read      353.0   198.0    86.8   173.0   200.6   337.5   397.1   428.1   450.5   476.1   508.6   558.2   696.9  1543.8  7593.9  64938.8    65000  1652616272622  1652616277890
read      349.5   182.1    86.8   172.7   199.5   331.7   390.2   422.2   445.6   473.1   509.1   563.9   715.8  1207.4  8253.9  69884.7    70000  1652616279393  1652616284667
read      341.5   185.0    86.8   170.2   197.3   324.4   378.5   408.7   431.2   458.9   493.9   544.4   697.5  1454.9  7743.3  75010.6    75000  1652616286170  1652616291442
read      335.3   201.0    86.8   172.1   197.9   317.3   367.7   397.9   420.7   448.2   485.2   538.9   678.2  1205.2  7896.4  80081.6    80000  1652616292946  1652616298242
read      345.8   235.8    80.4   175.9   202.6   327.2   380.4   410.9   433.6   461.6   497.8   551.4   698.4  1319.5  7616.3  84812.0    85000  1652616299747  1652616305019
read      334.2   182.6    86.8   170.6   196.8   319.9   369.7   398.0   419.2   444.2   478.2   531.9   666.4  1157.3  6194.4  89898.2    90000  1652616306523  1652616311801
read      338.5   171.1    86.8   181.0   208.1   323.7   369.5   396.3   416.6   440.9   474.8   529.8   667.5  1348.5  7322.5  95063.0    95000  1652616313304  1652616318597
read      338.7   171.6    86.8   184.2   211.6   326.4   370.3   395.9   415.2   437.6   469.7   521.4   643.3  1167.0  7112.7 100070.0   100000  1652616320100  1652616325392
read      333.3   147.6    86.8   170.5   197.7   318.9   365.4   392.9   414.0   440.6   477.7   536.4   685.2  1197.0  4698.1 104900.0   105000  1652616326895  1652616332166
read      340.6   141.2    93.8   191.4   219.2   328.5   369.7   394.6   413.5   436.5   468.8   522.1   646.6  1081.5  5541.6 109887.0   110000  1652616333669  1652616338954
read      332.4   133.2    93.8   192.6   219.5   318.7   356.9   379.6   398.2   422.1   454.6   507.3   648.7  1149.6  4535.0 114957.5   115000  1652616340458  1652616345733
read      362.1   189.6    93.8   206.3   235.7   350.2   390.6   413.9   431.4   454.5   485.4   539.1   699.1  1241.4  7368.3 119822.4   120000  1652616347237  1652616352509
Warning! Detected max cpu usage > 95%
CPU Usage Stats (avg/min/max): 78.67%,36.00%,100.00%




run 3

ubuntu@client-measure-0708:~/memcache-perf-dynamic$ ./mcperf -s 10.156.15.218 -a 10.156.15.219 --noload -T 16 -C 4 -D 4 -Q 1000 -c 4 -t 5 --scan 5000:120000:5000
#type       avg     std     min      p5     p10     p50     p67     p75     p80     p85     p90     p95     p99    p999   p9999      QPS   target       ts_start         ts_end
read      337.9   388.6   109.4   186.8   209.6   313.8   342.4   359.7   371.7   389.1   412.2   468.6   650.0  7619.5 11525.5   4979.0     5000  1652616373076  1652616378432
read      365.8   284.8   101.3   189.4   217.4   366.2   399.0   416.6   428.8   444.0   465.9   508.3   664.7  4057.0 12284.7   9916.4    10000  1652616379935  1652616385299
read      383.1   357.4   101.3   186.3   217.8   383.3   421.0   439.6   456.0   472.8   502.4   550.7   695.7  4046.5 13204.3  14883.4    15000  1652616386802  1652616392109
read      391.6   424.4    93.8   178.7   211.2   389.8   433.6   456.6   471.4   494.4   523.7   579.5   763.3  4528.8 28148.8  20102.8    20000  1652616393613  1652616398901
read      399.1   243.7    93.8   182.2   214.7   397.9   448.8   474.5   496.1   521.1   553.4   618.1   788.7  2030.4  9389.6  24956.4    25000  1652616400404  1652616405703
read      397.0   251.0    93.8   182.3   215.1   399.7   449.5   474.5   494.4   516.5   545.7   598.1   765.8  2628.7 10835.4  30059.4    30000  1652616407206  1652616412494
read      392.5   211.8    86.8   181.6   214.1   391.1   445.5   472.4   493.8   517.6   548.5   603.9   786.2  1806.6  7577.7  35038.2    35000  1652616413998  1652616419288
read      383.9   232.8    93.8   180.6   212.8   380.9   432.2   459.6   479.2   503.2   535.9   588.8   779.1  1496.4  9350.6  40032.4    40000  1652616420791  1652616426079
read      381.0   245.3    86.8   177.7   209.3   375.9   429.2   458.4   479.0   503.3   535.2   587.2   745.7  2832.8 12267.4  44976.9    45000  1652616427582  1652616432851
read      378.8   217.7    86.8   177.5   208.4   371.8   429.4   459.3   480.4   504.6   537.2   588.6   746.8  1916.8  8990.0  50023.6    50000  1652616434355  1652616439647
read      378.6   192.8    80.4   174.9   206.6   370.1   429.8   460.4   482.7   508.6   542.8   595.4   765.0  1597.0  7765.2  55164.4    55000  1652616441151  1652616446429
read      363.5   229.0    80.4   173.9   203.3   352.1   409.5   438.3   461.3   488.5   522.2   572.3   715.4  1315.9  8294.0  60097.6    60000  1652616447933  1652616453214
read      350.9   227.8    86.8   171.3   199.6   335.6   393.6   424.2   446.6   473.2   507.9   556.3   683.3  1273.2  7431.9  64991.0    65000  1652616454717  1652616460003
read      353.0   189.8    86.8   172.6   199.5   336.2   394.9   426.6   449.9   477.4   514.9   571.3   726.6  1276.1  7270.9  69901.1    70000  1652616461507  1652616466791
read      346.1   183.5    86.8   171.5   199.3   330.6   386.7   417.1   438.4   465.9   501.9   552.8   686.9  1233.0  8506.7  74807.6    75000  1652616468294  1652616473565
read      342.4   206.9    86.8   172.0   198.8   326.7   379.3   407.6   429.4   456.5   491.5   542.9   680.3  1557.6  6975.9  80032.4    80000  1652616475068  1652616480350
read      337.2   172.7    86.8   173.0   199.3   323.4   373.8   401.9   422.9   447.5   480.6   532.4   663.3  1330.9  7751.2  84869.8    85000  1652616481854  1652616487138
read      334.0   191.1    86.8   175.6   202.1   318.8   365.9   393.2   413.3   437.4   471.7   526.9   667.4  1083.6  9116.2  89657.8    90000  1652616488642  1652616493921
read      327.7   155.5    86.8   177.4   203.9   314.4   357.5   383.1   401.7   426.5   459.9   510.4   635.8  1177.2  7007.1  94956.6    95000  1652616495424  1652616500693
read      329.2   151.3    86.8   181.3   208.0   315.2   358.1   383.3   401.1   424.8   456.4   504.7   639.7  1450.7  4864.3  99755.4   100000  1652616502196  1652616507489
read      345.5   170.9    86.8   191.2   219.4   334.4   376.7   401.2   420.2   441.9   471.7   523.7   650.4  1075.4  8202.3 105346.8   105000  1652616508992  1652616514270
read      339.7   175.8    86.8   191.9   219.7   328.1   368.5   392.2   409.2   430.8   461.0   509.2   644.7  1222.3  7795.4 109966.1   110000  1652616515773  1652616521057
read      336.7   189.1    80.4   184.6   212.9   323.0   363.9   388.6   406.7   430.8   463.3   515.3   662.5  1403.3  5762.5 114978.6   115000  1652616522560  1652616527850
read      339.7   145.7    93.8   199.1   226.7   328.4   366.3   389.2   405.1   427.2   456.0   503.3   638.0  1091.7  5444.9 119841.6   120000  1652616529353  1652616534629
Warning! Detected max cpu usage > 95%
CPU Usage Stats (avg/min/max): 57.42%,2.55%,100.00%

